"1"	7.417226893	4.931684122	3.557580643	7.126823345	3.147237
"2"	5.47901364	2.999612992	5.82270675	6.489057476	2.922073
"3"	2.656563309	0.635069535	3.612191858	4.464923151	1.948286
"4"	0.259215668	0.067586149	0.57652152	0.052433625	-3.810023
"5"	7.455660364	7.497026896	5.824812699	7.538917476	3.142848
"6"	8.871460089	2.286202089	10.62615908	1.056182695	-4.241457
"7"	2.664699019	3.051387436	3.766442521	3.284276987	1.892145
"8"	2.35479965	3.575880219	5.949617953	5.9925882	-4.155642
"9"	3.013337563	3.8611204	2.457606294	2.771724012	-0.98192
"10"	2.639419435	2.775105795	1.429440712	0.09265569	-2.583087
"11"	0.985222669	0.01100054	3.209139096	3.52086061	0.470089
"12"	0.92020041	0.288352489	4.899773495	4.587948307	3.176277
"13"	4.206024389	2.973542762	6.495870502	6.106076024	-2.740782
"14"	7.286748593	5.595663881	1.333968482	5.217041503	-2.782533
"15"	0.33165956	4.686189041	0.524757845	5.18259577	0.211358
"16"	6.206457975	5.421118509	3.090501607	2.905927374	-3.932381
"17"	2.456927598	0.408655813	5.140837176	5.848242613	3.054894
"18"	5.877403929	6.078994066	5.612539032	7.795174845	3.181486
"19"	7.49093683	0.509659741	1.601205237	1.69191592	-4.395288
"20"	8.109302317	6.27827608	7.666907839	5.907813354	-4.47323
"21"	8.619446189	8.482317255	1.214088543	1.889627089	-4.673992
"22"	1.866668896	0.914875198	1.576747278	1.625578	-1.153809
"23"	1.699066669	0.815764122	1.526013649	2.205855726	-0.747407
"24"	6.069821108	0.795696962	1.133448918	0.326464161	2.183589
"25"	1.681995008	8.457446301	1.612191073	5.100689877	1.377091
"26"	0.138032606	9.014440315	7.717501063	9.039206362	4.159912
"27"	2.429236255	4.032709875	5.301986081	0.699468973	-2.571504
"28"	4.824752279	0.429753019	0.665411338	8.083801552	-2.637694
"29"	0.199571371	0.007120607	0.117104405	3.176584282	-1.819259
"30"	1.639666581	5.237033114	4.406438208	4.238778255	-1.341838
"31"	5.035614856	6.013446041	5.912615598	5.610563545	-1.522873
"32"	5.760745002	4.352769408	6.926006803	0.048911054	-2.297296
"33"	6.573432511	2.850034866	3.433570215	3.821507865	2.688543
"34"	0.41675858	0.450681278	0.828339704	0.124064079	1.786523
"35"	0.03479834	0.449574058	0.043670028	0.469410987	0.276801
"36"	5.239403181	1.368308331	1.658600497	5.163035437	2.690291
"37"	7.419162184	3.635282383	6.992360638	6.188227897	-3.769163
"38"	1.015304677	1.897386572	0.213652777	1.283175856	0.649796
"39"	10.94173249	9.012591023	9.275554451	9.400991923	4.843983
"40"	1.074381554	0.312906031	1.481114867	2.878404749	-1.521208
"41"	3.990959428	1.694337983	4.479905201	2.592157523	-3.21883
"42"	8.318304838	7.310310935	7.153717521	7.332936382	-3.658771
"43"	8.659471349	4.069508335	2.417967639	9.25693937	-2.01756
"44"	0.51373038	1.894377772	0.010246435	1.818738008	1.03468
"45"	8.429144112	0.238278807	6.908074831	6.125266315	3.904757
"46"	5.31281825	1.732122776	3.368655851	5.93929859	2.400323
"47"	4.958694374	5.378615146	5.280405422	5.600338282	-2.710467
"48"	4.959760317	0.748874218	3.490538848	5.330528696	1.947522
"49"	8.541234425	8.543704053	8.519369728	2.515300346	-4.405967
"50"	6.300201071	7.294373909	6.588471965	1.299139475	-3.317487
"51"	9.220190954	5.461925496	0.026245418	6.761937181	4.879347
"52"	0.088395706	0.618369397	5.532348934	5.407162634	0.306293
"53"	4.231703078	4.415340564	4.397881317	2.271451219	4.357309
"54"	3.600004952	1.368013577	3.432850229	6.672145475	2.027023
"55"	0.726573364	7.809031279	7.153112782	2.823747426	1.536999
"56"	6.692334536	6.757127304	0.303072831	2.988328301	-1.825721
"57"	6.236750756	1.701327629	4.311767739	0.942208743	-4.74865
"58"	2.74623173	4.717904614	2.939711224	2.843731526	2.231735
"59"	4.647305415	2.196738038	7.241267988	3.008179061	3.044496
"60"	8.216851938	5.624325797	1.483258168	1.842190144	-3.178589
"61"	1.921932796	2.478359762	1.907947423	2.281159566	-0.884065
"62"	3.002384092	2.912970535	5.203965915	0.108935814	-1.910854
"63"	7.354940874	5.84300676	5.519601593	7.895255747	-3.228762
"64"	5.729028866	4.20912562	5.955221336	5.82370704	0.101525
"65"	7.609911652	0.359344482	6.254949358	0.07491448	-1.567121
"66"	0.283245847	0.229641853	3.630309385	2.741258989	-0.076549
"67"	4.693622941	0.074412791	1.18880396	5.181955232	-0.486594
"68"	5.463460902	4.95382121	2.027224816	0.315761435	-4.577022
"69"	2.222986043	4.311307566	5.386578246	5.169422603	-1.683348
"70"	4.604825279	6.031540698	3.656200053	6.023086686	-3.045232
"71"	0.575744656	1.624971383	0.820647916	0.818986436	0.038878
"72"	7.388521725	1.771399534	1.674074484	0.126480434	0.975266
"73"	5.194311618	4.351481641	5.1308959	3.158469825	1.684643
"74"	6.372062747	8.048663642	9.972227256	1.201054955	3.828376
"75"	8.190808186	3.882893783	7.416834689	7.247976358	-2.166156
"76"	3.997846502	7.136568942	8.074454447	8.052159477	-3.829632
"77"	1.827353596	5.065630468	3.338340926	3.646098301	-4.157529
"78"	2.998932201	5.680185853	4.395889692	2.958461853	-4.289629
"79"	1.732950941	3.079616485	1.22450956	1.960602649	-2.979249
"80"	5.100599142	1.683462317	5.147835527	0.28549104	-1.136101
"81"	0.496019363	0.193767058	0.051492552	2.855555356	1.690426
"82"	1.506709002	3.72963355	3.246214567	1.98076207	-3.919833
"83"	1.630017766	7.964977109	9.69666692	9.597283123	-3.28952
"84"	0.009158564	1.721371858	0.203883965	1.663770137	-1.998156
"85"	0.876714351	6.981517423	7.256037573	6.403512528	-4.259104
"86"	4.730333767	7.747980768	4.669610621	6.035581201	-4.316428
"87"	4.200878487	2.329969152	5.546079375	1.671054821	3.563769
"88"	0.445310692	0.486912953	0.484960195	1.327132083	-0.961433
"89"	0.137575399	2.014866408	0.81563162	2.218022592	1.252552
"90"	2.152740727	3.33020789	3.273075951	1.357511737	1.944039
"91"	4.525043679	3.028308598	4.455445285	0.574765027	2.269146
"92"	5.329723419	0.968752447	1.415666054	4.990231169	-3.688853
"93"	4.93656096	4.922136407	2.891138725	3.952120866	-2.211244
"94"	1.500662112	7.617933371	7.98288923	2.976740904	-4.100012
"95"	3.727330822	0.595478609	2.970330705	1.779807834	2.104087
"96"	1.497464555	4.821100754	5.190389613	1.593823148	3.26574
"97"	2.2556606	2.006625271	1.567931291	0.503069398	-1.357131
"98"	4.932053948	5.645946726	1.143100199	5.56790815	3.022616
"99"	0.159138361	0.621642275	0.197673212	9.469481905	0.178456
"100"	6.342339679	3.549087001	8.05724039	7.832498968	-4.485517
"101"	6.626500487	3.935988963	2.327169998	6.315362247	-3.017782
"102"	2.981108648	3.334317173	3.002088224	2.900785099	-1.656706
"103"	1.981632649	1.91418151	0.792744076	2.142381541	-4.696147
"104"	4.895244393	3.948756611	0.193450003	0.264092413	-0.111002
"105"	1.201645865	6.057157553	2.959067875	0.700181599	-1.720584
"106"	2.318895714	8.959202536	9.099351644	9.736396507	3.568963
"107"	5.328651861	5.353476538	9.77852939	5.925796269	3.051124
"108"	0.059722206	1.212037985	7.039795871	0.651160643	-0.922692
"109"	0.673530755	0.658274129	5.406805541	3.581570616	2.403655
"110"	3.150328463	3.228941115	3.647276668	8.628308343	2.552204
"111"	3.267213309	0.625975016	0.254424302	1.29628088	2.48509
"112"	5.089254367	1.134017136	4.536140378	2.614899852	2.81374
"113"	9.437668285	5.614342604	8.836348886	7.34753354	-4.529223
"114"	2.486530888	3.074798606	5.67335748	0.252203342	2.925817
"115"	0.914105766	8.956601516	4.830931535	0.346091835	3.005228
"116"	10.30553094	7.994531369	10.09704251	10.89196776	4.634685
"117"	2.94272781	5.347656765	7.163538738	4.069073661	2.984858
"118"	4.049152587	3.323373706	1.120512634	6.026082661	3.876369
"119"	1.1328981	3.940919923	0.90198462	3.876118438	4.619938
"120"	4.016385155	1.861394854	5.107364698	5.178060531	2.559141
"121"	0.897819419	6.128623094	5.320496877	0.680157131	-3.91954
"122"	0.569636717	1.542427291	6.229084277	0.336927983	-0.728064
"123"	1.493306049	2.918123362	2.889676681	2.688731837	0.810932
"124"	3.243467782	2.601022118	8.840340406	8.918335329	-1.546921
"125"	1.5698872	1.041100995	1.038501311	1.027410989	0.706829
"126"	1.576908625	0.510010394	1.645862809	1.589547384	-3.542679
"127"	8.28773719	1.562476564	4.714384766	7.137046192	4.157657
"128"	1.698130418	11.60641499	9.046026406	7.082204376	-4.460223
"129"	2.524322047	2.524303612	0.50389977	1.335656608	1.505306
"130"	6.420919682	4.696372139	4.564888818	6.42692574	3.983763
"131"	5.639116295	4.969731682	4.598406657	5.659559724	2.95955
"132"	1.516329281	0.335602462	1.140601508	2.322261108	-1.885246
"133"	4.421068828	5.263539844	6.072641983	3.700461139	3.004684
"134"	6.055115473	4.909482433	0.409922956	6.697859431	-4.166841
"135"	2.047980991	6.988277568	2.060254498	2.342890157	-1.171316
"136"	4.561471185	3.469892362	1.851819127	0.934662184	-3.431921
"137"	1.036630064	1.068260759	6.772953347	1.171696483	3.506789
"138"	4.692011442	0.571582727	0.1685738	4.662842334	-2.810059
"139"	5.532640065	1.286823098	1.437403647	1.327539351	0.85747
"140"	0.161417464	0.467769421	0.473924884	3.738244295	0.23592
"141"	6.726505331	6.729788272	4.017740049	0.019951091	4.261691
"142"	0.981201068	0.821441873	0.983373745	5.800585842	3.776341
"143"	5.651915145	6.541421247	6.789488836	6.68607118	-3.603107
"144"	5.22522632	6.067138026	7.547291433	5.68774388	4.579752
"145"	3.870356722	5.161842316	2.531743887	5.080971147	-2.582132
"146"	2.656142306	0.237893569	2.776294021	0.276455842	1.534568
"147"	0.558062531	2.656513805	0.638009507	2.65579776	2.061076
"148"	0.824202605	0.609989537	2.222586154	0.129189943	-1.602428
"149"	5.456653328	3.993707337	5.247604652	5.57943353	2.753343
"150"	1.424537091	1.952085466	0.586424457	0.35214388	3.463036
"151"	0.117828247	0.471669012	0.567991017	0.28263643	-0.284321
"152"	1.509411342	8.687324374	1.096759602	7.545136321	3.749427
"153"	3.557593122	0.756991309	0.497126401	0.999122057	-0.422461
"154"	0.623851137	4.227910561	1.08025074	0.804649998	2.08909
"155"	2.822389702	1.116505561	6.319078102	6.183168177	3.989397
"156"	2.054318641	0.247624761	5.720500392	5.116597428	-0.32483
"157"	10.01625719	9.941773749	0.192105075	8.103248368	4.701446
"158"	5.825441728	3.568553222	2.529504726	7.030028272	4.997926
"159"	0.025998052	0.152088339	0.078292021	0.287074621	-0.261131
"160"	0.617642695	3.308650318	1.677637806	0.532735933	0.878206
"161"	6.736742575	5.886253838	6.551852325	6.441936509	4.521253
"162"	4.496482857	6.84737776	7.583664421	0.935153717	3.49682
"163"	3.054865576	1.214357667	2.416054776	5.619350043	4.053306
"164"	7.843908252	0.655851386	2.314120017	6.297072453	1.270053
"165"	3.702288263	4.794768264	5.811395418	1.867018715	-2.510804
"166"	3.748995686	5.11093195	1.465230147	4.447838793	-1.852165
"167"	2.952717159	2.139950833	2.443768673	0.104921748	-1.295142
"168"	2.70818164	1.166314932	4.620125047	0.120996846	2.345591
"169"	2.580229777	0.458332343	2.253775588	2.490232906	-0.24121
"170"	0.908754663	1.917974713	3.012757613	2.262020379	1.80395
"171"	1.91984724	2.183321805	0.175846664	0.996155959	0.970452
"172"	8.365229429	4.121988487	6.980834135	2.849113284	-2.225613
"173"	4.241781799	3.203902506	3.308845794	3.181081522	-1.68042
"174"	10.82621883	11.10040881	0.971630963	7.575097534	3.855212
"175"	10.72668329	7.722246117	6.194066107	1.515524768	-3.816921
"176"	1.756652628	2.553985153	8.995018958	1.845757474	-1.489016
"177"	2.758366781	0.145691786	0.972197079	0.482323111	0.009399
"178"	6.233959278	6.386668303	6.423440793	0.280746911	1.680859
"179"	3.209976845	1.315060077	2.309501942	1.804235977	3.246468
"180"	5.902702929	0.495009686	0.462904072	6.113262155	-3.891298
"181"	3.839541623	3.709542017	0.084061977	0.051534412	-2.017159
"182"	7.432355231	0.187287659	8.734540802	8.830999559	-4.464248
"183"	0.653694846	4.503421491	3.575524184	0.933187587	2.321039
"184"	3.793780801	5.0471683	4.81870687	4.932297039	2.528741
"185"	1.560194237	5.635790544	0.109053673	0.703730925	2.888232
"186"	0.990739918	2.828041264	1.983973307	2.623456803	-2.650736
"187"	2.622501229	5.122440153	5.269793276	5.966677286	-2.93569
"188"	2.651579096	1.922002192	1.632563221	0.532817077	-1.461208
"189"	7.129377531	6.824879601	9.443895781	2.556098222	3.176877
"190"	0.750229077	0.038043682	0.228069054	0.519804467	-0.54211
"191"	0.021386534	1.667725657	7.10955314	5.375951895	-3.975922
"192"	4.868685575	4.897064453	0.695980604	0.71241343	-2.656972
"193"	8.672787399	8.683626262	7.097681627	7.327231949	4.392737
"194"	0.434467066	8.505759942	7.376137307	0.117753619	1.601546
"195"	4.136171351	4.447617519	5.971362323	3.660403763	3.610083
"196"	0.01393979	0.308090067	5.998936889	6.085191369	3.093773
"197"	5.174078239	4.693541125	2.398516378	3.424963984	-2.962031
"198"	5.177654909	5.25292442	3.678120328	2.375781176	-2.144083
"199"	5.031581352	6.929638739	7.373884068	3.514961949	-4.037732
"200"	1.184042851	8.910592465	8.968623266	1.17733018	4.505816
"201"	7.194000951	0.897208857	7.556395999	7.329953028	4.189225
"202"	4.199162819	0.491897819	0.065707352	8.396036184	3.87883
"203"	2.207553129	7.536715773	6.784014989	2.365634322	-3.410865
"204"	1.021504829	1.335530422	0.802755907	0.800285724	-0.411092
"205"	9.765340146	6.667606906	4.844126475	0.04745171	4.245483
"206"	3.324673698	1.830847689	0.16775443	1.452681319	1.751911
"207"	8.56437528	2.497810261	0.498604474	3.791117433	1.953068
"208"	1.367616396	0.338344577	0.019639298	1.369556111	0.705997
"209"	3.713048327	2.33495072	0.598667734	0.330835496	1.405588
"210"	0.686423505	1.167712932	0.648006746	0.967509307	-0.997071
"211"	5.73981959	1.032476127	8.711056866	9.428567466	-3.810246
"212"	1.172944173	1.066519992	1.142797556	0.557894097	0.472866
"213"	1.061562672	0.817950714	1.099901648	0.652084929	0.593571
"214"	4.793137341	6.913565796	4.268246488	0.081701463	0.172544
"215"	1.14983453	1.621699562	1.321363043	1.583631094	-0.632481
"216"	7.155930314	0.071695116	6.971890346	6.260053321	2.293217
"217"	5.521103917	3.401782024	5.386029797	3.707423812	-2.706937
"218"	7.833429631	8.785160336	6.770269027	6.872163772	-3.920647
"219"	7.544357948	7.027263982	6.51359408	1.398298402	3.311115
"220"	2.481023407	4.115870794	8.037039445	7.621239859	-3.845062
"221"	0.165669737	2.054827973	0.268644449	0.290960611	0.223148
"222"	8.02622417	1.782084143	3.042902825	8.782522603	-3.89592
"223"	3.553719474	0.702264706	1.907118988	2.711479784	-4.603962
"224"	5.099055206	3.006402792	7.854482353	0.992762538	4.195422
"225"	1.226089258	2.123583312	1.468172292	1.883386798	0.668709
"226"	1.644190134	1.293407339	2.929554184	0.00620626	1.385414
"227"	8.083490849	10.80039647	8.53860858	10.57473986	4.596452
"228"	6.387207258	3.324737765	6.571987543	4.274241625	4.652577
"229"	2.144371705	7.504530782	7.575504458	7.017185097	-3.797714
"230"	7.559094664	6.470930426	7.556724101	0.281579899	3.320547
"231"	0.92198226	1.838256112	6.324625377	1.265759751	0.757269
"232"	0.421124184	1.439116388	7.559304157	0.385931518	-0.191959
"233"	0.974303621	0.584824643	0.762087743	1.034775204	-0.57503
"234"	7.999869458	1.789692658	6.180123065	7.144198696	3.878026
"235"	6.758077778	3.093035652	3.238997751	2.618859943	-4.997689
"236"	7.899249098	11.95042931	7.274536026	7.26668878	-4.77372
"237"	0.657417841	0.747514053	10.21902236	10.09291222	4.83917
"238"	0.017049057	0.882362873	0.135197146	0.010266755	-0.516606
"239"	5.025425277	1.181907922	1.170162938	3.715612485	-0.045676
"240"	4.849421323	4.974105431	4.178754399	3.337559768	-1.881791
"241"	3.103969546	5.739146657	2.226826781	5.7167139	-2.60824
"242"	3.559007013	1.197567536	3.146706408	3.049689311	2.104273
"243"	0.568340502	0.703698748	0.068038539	0.328023644	0.340138
"244"	0.724123397	0.232023837	2.621237811	1.951682893	0.452619
"245"	1.396445496	4.700497684	3.036117259	4.096748516	-2.544579
"246"	0.646167929	0.13744574	6.113857354	7.378835901	-3.76983
"247"	8.549329632	8.417918749	0.108398148	8.057484305	-0.935263
"248"	3.248309548	2.873367448	2.338305935	0.315346154	2.921903
"249"	7.291836413	7.499334426	1.279532847	7.054249716	3.906879
"250"	2.58543417	6.426571258	8.234082978	9.137992143	-1.40447
"251"	8.061039733	7.511843787	8.583218353	11.02158637	4.834209
"252"	0.127594526	3.284094011	0.220396222	3.478507808	-0.01326
"253"	4.713168124	5.642032896	0.006898519	0.046033904	2.827289
"254"	5.965159242	5.145099153	6.042130438	1.570626811	3.184346
"255"	4.524299858	4.497789088	1.007464667	6.203733443	2.80721
"256"	1.595506016	3.146221511	0.907351739	0.738755149	-4.235886
"257"	5.429278452	0.64131733	7.11230042	1.111363434	-4.649774
"258"	1.675480668	2.512148079	2.41121756	1.454889596	-2.102276
"259"	0.603996656	0.791791832	7.338926257	0.253711646	3.999814
"260"	1.437878597	2.974195438	3.67029285	1.381056966	4.436089
"261"	2.862844027	0.05494365	0.012087515	2.419508252	0.236827
"262"	1.942880117	1.388427607	3.099269252	0.090684375	-4.673846
"263"	4.365278156	4.657870984	4.745544627	5.048322776	-2.648784
"264"	5.977866823	5.002611632	0.098434318	0.114700375	-0.0446
"265"	0.673315287	2.552544774	1.727154519	0.12540773	-3.501883
"266"	0.950331767	0.45027972	5.133661335	5.53837664	0.722749
"267"	9.505922659	0.195211843	3.988781055	8.018816265	3.605621
"268"	1.05038407	3.626879914	6.053197784	5.52986161	-0.296287
"269"	11.4233292	0.454576033	11.93512834	12.12977009	-4.710979
"270"	4.517010297	2.70822242	3.322199957	3.893703457	3.287174
"271"	2.060815042	3.490101066	0.34623802	0.129653358	1.800419
"272"	1.443511235	5.568525471	5.443094995	0.273063738	0.864641
"273"	6.083727728	5.43904921	1.577537773	7.365830506	-4.113211
"274"	3.97688665	2.18470823	4.947187303	1.978774414	-3.679891
"275"	4.288600513	4.336690292	2.374594606	1.100290825	-1.32891
"276"	5.293312659	5.063706367	0.87928731	4.243738006	0.978338
"277"	8.097746866	1.143797021	4.949760405	7.631246705	4.834969
"278"	3.480121102	7.006340584	4.37501773	7.116455261	-2.018671
"279"	4.364235706	3.278376628	4.113921505	5.593731384	4.665759
"280"	3.811116857	7.071165717	0.99508886	4.170736926	-4.963947
"281"	6.800921439	4.531183337	5.758353143	6.128388905	-3.172837
"282"	2.251554267	4.8639367	5.554022671	0.488640601	3.171764
"283"	4.469450846	4.900970823	1.738148575	4.632563117	2.687729
"284"	5.092404916	3.868497956	1.150840057	1.865135654	3.291094
"285"	9.475649439	1.952510158	8.815519319	9.160097779	-3.803351
"286"	4.348566564	2.261721904	4.294730176	4.39451859	2.849799
"287"	8.266294935	12.14785213	9.702047925	12.10403295	-4.986856
"288"	5.423879025	5.02973271	0.518756156	4.904557132	2.660294
"289"	5.454925008	5.696118487	5.380534091	4.954849332	-2.957831
"290"	1.340853715	1.973946771	6.61311846	0.288226843	-3.659479
"291"	1.115991563	2.345548982	2.266780051	0.464679509	1.846888
"292"	8.912226885	8.919503202	0.804376139	0.54785385	0.56365
"293"	0.644919534	2.3762344	7.829607954	1.821995906	0.800064
"294"	0.977443513	1.389385984	4.041152817	1.259063729	-4.548481
"295"	8.150484691	0.53852915	0.047335644	5.389641878	0.775801
"296"	8.432623397	11.10677224	10.67226097	0.311349247	-4.316908
"297"	5.924216243	3.357933667	6.693206562	6.462132716	-3.14115
"298"	5.777149501	2.310802372	2.512996399	1.44681298	1.274092
"299"	0.837629377	3.561207071	0.944042868	7.353325407	-2.700038
"300"	6.523186391	6.238614375	1.094027312	5.521676161	-0.351355
"301"	2.079975455	1.303812474	2.603099499	0.74076815	-1.965269
"302"	1.694415771	1.904582833	2.665394704	2.664044552	-1.276677
"303"	6.481004121	0.755004478	3.655957104	2.034400823	1.901049
"304"	0.722020718	6.122392412	0.316205746	6.618924756	-3.272437
"305"	8.115128652	1.420351378	8.271353382	9.114217111	-2.267699
"306"	0.708429787	0.200389209	0.78901376	0.225966513	0.408179
"307"	4.918479245	1.943871395	0.604013988	0.441663549	0.113852
"308"	1.1557029	3.668375922	0.036171705	3.78174532	2.801935
"309"	5.189740476	4.495917969	5.097035014	0.707566204	1.33277
"310"	7.600351312	0.086179947	6.85540949	0.34351628	3.610716
"311"	3.741215318	3.810163863	1.947016372	3.192492202	1.274556
"312"	1.959702334	1.394921678	0.15862116	0.941578543	0.519107
"313"	3.633624028	3.698063639	6.697010691	2.850046203	-4.386222
"314"	7.119086048	6.727924479	6.07895177	7.30056942	-2.197348
"315"	3.612338783	3.89268766	1.760657387	4.262570653	-3.333729
"316"	2.065442951	1.957504658	1.842046919	1.641333168	-1.669674
"317"	0.038013101	0.796443171	0.167572488	5.779436434	3.826261
"318"	3.898648481	9.233725055	0.74169141	9.206450425	-4.907696
"319"	8.643751466	9.122682474	8.841348986	8.620125469	-4.726011
"320"	1.701481399	2.453724557	1.781735892	1.533629679	1.646421
"321"	1.689581932	3.102843288	3.465511613	3.117748618	-1.541026
"322"	1.517620912	1.694320026	0.246867953	1.416262103	-1.205768
"323"	0.089063259	3.847227575	7.733048329	4.124828706	-4.657826
"324"	3.981970893	3.830018006	1.507526001	4.057049407	4.443613
"325"	1.303896648	1.323099057	4.344293153	0.142544262	-0.684064
"326"	0.916656323	4.647084769	0.459568997	3.04258656	1.224426
"327"	0.598146333	2.621670976	0.925812158	9.142289696	-2.104602
"328"	0.357568355	2.675493321	1.937038889	8.456628439	3.128157
"329"	6.712054329	4.932868002	7.14058633	6.878343324	-1.402561
"330"	0.756920804	9.083969892	5.671596298	9.299139146	0.570475
"331"	0.744271965	0.596054487	0.736339087	0.763317074	0.644739
"332"	0.408944448	4.330069324	4.25135982	0.281235384	-2.391566
"333"	4.979221638	0.007477884	4.689167455	4.197162392	-2.684202
"334"	1.602280577	3.612734608	2.101368295	3.539355399	2.794765
"335"	7.003414566	5.190548142	4.131676841	8.927531644	-4.524658
"336"	0.171717395	1.845822607	1.693159403	2.298829506	-0.832343
"337"	7.396554956	7.78295144	1.256311874	9.229446266	0.979404
"338"	3.242511617	5.884930872	3.905804227	8.516524307	-4.426573
"339"	2.252256635	3.245303237	2.679713613	1.989805858	1.483206
"340"	4.787875964	0.182996378	6.407506844	4.435473724	-2.686328
"341"	0.088793803	7.605001937	0.557442699	4.582838627	4.413005
"342"	5.189319208	3.096121196	2.619623891	6.172520071	-1.640187
"343"	5.431199755	1.545739946	5.046413497	3.610988014	-1.730158
"344"	6.972183333	1.298364033	7.043216905	1.394115211	4.667559
"345"	0.384376879	0.137005302	0.623135146	1.141504192	2.019011
"346"	0.24881711	0.507652808	0.592548216	8.053994599	-4.632696
"347"	6.267189522	6.873732125	1.457248585	0.155449495	-3.62437
"348"	7.811154702	8.353998617	8.235492759	0.710160317	-4.602035
"349"	1.079927727	0.927366653	1.482810625	1.118634854	1.606052
"350"	3.205601842	1.544472631	2.818146423	5.321458447	-2.339025
"351"	0.303273201	3.920322375	6.927909711	0.486300981	-2.784199
"352"	6.577049772	5.581659692	1.837996002	2.649175169	4.314751
"353"	7.104254241	1.173247123	7.082453886	6.148832924	-3.979062
"354"	1.046520947	6.307025398	2.229135294	0.611326297	-4.207026
"355"	0.495019008	2.540670939	0.731450122	1.553926052	0.728155
"356"	1.837477301	2.254567131	2.64254576	2.325119833	-2.698664
"357"	2.251554484	0.370090129	8.974002841	8.995851578	4.624338
"358"	0.090723647	0.590825269	6.407891095	7.459973294	-0.384767
"359"	8.070454923	0.713915549	1.124584762	7.837645093	-4.718219
"360"	0.60076944	5.764115247	1.757397729	1.185519872	-1.727549
"361"	2.208987787	2.940182018	3.06403999	0.625228163	1.846797
"362"	7.444101573	3.164105222	6.508851289	4.144193345	-3.405764
"363"	5.796155856	1.392644867	4.085628097	5.988120132	-4.288347
"364"	1.365507586	1.724142483	1.640879013	2.111138397	-1.598988
"365"	0.436778186	2.341588715	1.983721758	1.62804117	-3.149988
"366"	2.631858754	5.91215584	1.089026156	1.014189954	1.025897
"367"	0.907126392	5.143904563	2.912272498	3.452851465	2.913437
"368"	0.663741697	3.100764588	0.570376176	5.956849031	1.774993
"369"	8.649387542	10.28902448	7.625011943	8.341149222	4.368843
"370"	7.506766112	7.722927607	5.358306626	7.037216201	-3.126189
"371"	10.25368216	1.597321184	6.879128216	10.42737274	4.591522
"372"	10.34962878	10.1487642	6.034165327	7.064854486	-4.672492
"373"	6.113957596	0.591398575	0.356298996	0.054600348	3.287426
"374"	0.580077765	5.425865599	6.783547036	0.174880612	3.424036
"375"	8.291756368	8.611410209	1.076023893	0.00808853	1.911035
"376"	3.475142151	1.445302009	4.076289074	0.343602836	-2.029897
"377"	5.881809454	5.470613782	6.129559145	5.20482895	3.193054
"378"	5.844189036	2.276440333	4.904372747	5.098000692	-2.593599
"379"	8.754560597	4.491794174	10.21157162	5.56071061	-4.562766
"380"	5.130961977	4.174519797	1.371507924	1.413834064	-1.208763
"381"	7.665513978	9.046070595	4.75076607	9.056601673	2.469486
"382"	3.766317907	7.678667984	4.443344128	4.69129634	-3.710276
"383"	0.207585797	2.110664307	7.473084272	7.500445658	-2.944161
"384"	5.443873052	0.668451507	1.629567192	6.330927536	3.530557
"385"	1.453692391	1.789602068	2.014318262	1.181737589	1.594503
"386"	1.550656351	0.593977121	1.342149527	1.245424062	-4.202771
"387"	8.58883285	3.331302747	1.245565931	1.060624815	-1.617421
"388"	1.533343415	3.31403304	7.110931981	4.52950109	3.40621
"389"	1.640259391	5.062133508	0.099926096	1.455445784	0.914809
"390"	1.039386166	0.137408639	7.047953582	7.267874912	3.676671
"391"	9.013878273	9.223817148	0.172910311	10.01130635	4.963842
"392"	5.499183175	7.575208564	6.367291537	0.972114188	-4.636708
"393"	9.388353933	6.290850701	10.95202329	10.93789169	4.701368
"394"	0.235190393	0.031464781	1.850531249	0.209031072	0.603074
"395"	0.833434094	0.870666012	2.07415033	1.867518065	0.929069
"396"	5.31818856	0.395697056	4.020958473	3.402887279	-2.076979
"397"	5.293112808	5.555613761	6.069020408	3.603784826	4.427713
"398"	2.488545129	0.566289893	4.562369346	4.38904025	-1.399553
"399"	5.768898126	5.079848604	9.716378681	0.599440677	-2.838679
"400"	9.75654155	5.415897364	9.621204591	9.732877211	-3.485014
"401"	7.968906297	1.821468509	7.206297812	1.581515957	4.015381
"402"	3.429351959	3.996311576	2.299416532	4.180999359	0.444147
"403"	1.286107415	0.715473546	1.248364593	0.293771915	0.728646
"404"	7.699925492	7.487624793	10.24090654	9.916820198	4.120454
"405"	7.897259657	0.962875917	0.310248755	7.539175136	4.376075
"406"	4.993002885	4.377111136	4.253416133	4.94012921	1.181368
"407"	8.152495822	8.078664513	7.725364064	7.513578207	4.091013
"408"	9.181545684	2.544553979	7.275749159	8.570258058	-4.968781
"409"	6.762709612	7.700679457	1.371497442	3.012081867	-2.708277
"410"	0.088158555	1.356786246	1.737535429	1.28145143	-0.606282
"411"	7.244894572	5.490155116	5.605447865	0.434986187	-4.003753
"412"	2.955521609	3.197050159	0.180291899	3.22103664	0.235297
"413"	1.407219576	0.994135286	8.161644512	5.290274765	4.316927
"414"	3.903299084	2.272285026	0.058145648	0.647803217	1.171752
"415"	0.229125382	3.817922754	0.664220995	6.184765519	-3.285641
"416"	10.42738559	0.172368871	0.240594185	9.025058434	4.805894
"417"	9.942100167	10.36751714	6.654979168	1.000278925	-3.447932
"418"	0.116059459	2.471906011	0.018467071	0.17073578	-0.98961
"419"	1.870946539	0.094394251	4.188633326	3.90788966	2.019457
"420"	0.165797485	1.537300596	1.484090084	4.974834285	-0.856399
"421"	0.135928607	2.307424261	0.355670591	2.619081199	0.1677
"422"	9.280751758	1.236456547	0.568492767	6.994735239	0.725985
"423"	5.20875935	7.824986287	0.260682831	5.85813152	4.157232
"424"	0.150400535	1.032030309	0.273974436	9.79215661	0.484495
"425"	6.326578696	1.409019874	8.080983292	8.325425123	-4.323591
"426"	6.310724526	3.325890437	5.565605463	4.017199491	-1.852449
"427"	3.445592495	3.653188272	3.669601614	4.586372937	-0.626098
"428"	1.400915592	9.392602743	0.307849255	0.572367553	4.850556
"429"	0.85834125	1.209881222	2.039776974	1.522089324	-0.697871
"430"	9.252040219	10.60478993	2.996637019	3.62985942	4.903113
"431"	2.345805561	4.092354665	9.422730121	2.512522285	4.396716
"432"	3.077055871	2.878341502	5.841207722	5.589716416	1.656359
"433"	4.40315418	2.276688541	1.038214631	0.437943377	-2.349817
"434"	1.753248421	0.003699449	1.360795904	0.942622042	1.608216
"435"	4.274377547	1.010770088	5.109533131	5.256550846	0.418842
"436"	0.584415093	2.299036285	1.881079434	0.233644916	1.15856
"437"	0.021893663	3.728853705	7.000730051	1.209792643	-1.633391
"438"	0.468065583	6.043385245	7.202181253	5.498180005	-0.054651
"439"	3.420280701	4.20182762	0.666391538	3.54760316	1.712666
"440"	5.568119476	5.984171582	5.941074521	6.086504783	0.25146
"441"	2.405803157	0.830832391	5.893629409	4.785825853	-2.743383
"442"	5.843730027	5.31022562	0.758434512	0.3742118	-3.17693
"443"	3.355485087	0.014770774	3.970376947	2.339403274	-1.856377
"444"	2.586955766	2.296554344	0.384891573	4.062069502	-3.135972
"445"	3.896244111	2.914115074	3.420075	3.828904575	2.109149
"446"	0.586260049	0.976248806	2.128759759	0.6583437	1.169028
"447"	2.822607057	5.861563458	4.736963598	4.761122527	-4.810621
"448"	5.670134631	5.566421037	4.57739306	4.619557644	3.061896
"449"	0.415581056	0.21872099	2.625569068	0.210664116	0.093756
"450"	5.802974656	5.708039668	7.251862384	6.636929173	-3.793254
"451"	5.015321741	0.046345199	2.383962454	5.32625613	-2.513796
"452"	4.129282686	9.314444572	0.872216681	4.037509737	4.803951
"453"	2.269571049	1.836050634	8.491447035	8.423845301	-4.99911
"454"	0.868536731	2.353103286	7.479909018	3.235751679	-4.549956
"455"	5.152115486	0.093659279	5.181105113	5.446549344	-3.197379
"456"	5.035992717	3.624511119	3.197763745	5.188930058	-1.832301
"457"	0.810080055	5.888214754	7.877759904	4.316009424	-2.123637
"458"	1.680760512	6.886464233	6.117823803	3.837964137	-1.469941
"459"	8.319938226	6.428725388	4.345112474	2.628090239	-4.199888
"460"	0.456926256	0.220032439	0.025182267	0.025800593	0.245886
"461"	3.789826671	3.812352367	4.759768733	6.482950244	2.700875
"462"	5.693722765	8.804877872	0.030913386	3.188625579	-4.475588
"463"	0.175366572	0.358660259	3.994097484	0.528675018	-2.009858
"464"	2.035916024	0.128204673	1.48841609	2.059191747	0.988962
"465"	1.207874491	0.835249492	4.898359166	1.093511679	-2.559728
"466"	1.778876552	1.984006301	0.675279257	6.197728888	1.169034
"467"	0.937631467	0.992835497	3.87126726	0.439659183	-2.810638
"468"	7.06078421	6.283839841	6.277747144	0.542355255	-0.144661
"469"	4.599737543	0.734150048	1.068271347	5.025795356	2.876935
"470"	7.189097663	3.779230536	0.880557171	7.205158504	1.831118
"471"	4.034239364	0.026355624	0.742470703	0.007798601	2.043123
"472"	1.640870094	7.609255728	6.354959019	2.242425908	4.075053
"473"	5.87948946	1.895162295	6.550151404	5.690324442	0.990239
"474"	7.73908575	0.249844111	2.60579135	7.95926831	4.63257
"475"	1.418121082	2.304548399	0.68039119	2.911297819	-1.868654
"476"	9.099310541	0.474258646	3.46388007	7.806083253	-4.599573
"477"	8.049078877	6.228584645	2.044861031	0.396901215	3.270416
"478"	0.263776077	6.579495386	0.736078991	2.44601556	-3.465746
"479"	1.154368643	1.352917115	8.660143791	8.557847782	0.76741
"480"	6.665134445	4.676825895	6.702384179	4.428741324	-3.36276
"481"	6.709687951	5.535051783	3.216382606	2.548141293	-3.60179
"482"	6.959570748	0.504083434	2.550500752	0.860817903	-3.722322
"483"	2.081325953	7.542865484	8.657994817	2.125302264	1.295017
"484"	5.118200202	0.743500317	8.269164614	7.42729069	-2.554006
"485"	1.167519671	1.383985389	3.774368061	0.136211711	-0.54708
"486"	2.586390525	2.533760338	2.043535673	1.588488604	-0.870296
"487"	6.50845388	0.155041816	5.450671562	0.796054521	-4.732898
"488"	0.410056242	2.674254072	3.64703337	1.919946807	0.851403
"489"	1.738538065	8.196747408	8.480948551	10.58971108	-4.060146
"490"	6.691567722	2.777912996	3.810052086	3.856586615	-3.627169
"491"	0.364650876	5.993184972	3.662747011	5.717894975	-1.349456
"492"	0.155158919	0.189281585	4.092652351	0.263117052	-2.148665
"493"	3.492130203	3.690587916	4.556347016	2.113767569	4.12387
"494"	4.443845682	4.79222841	0.739399326	5.122148729	-2.723818
"495"	1.479305654	0.138721432	1.044350724	6.122027782	3.518153
"496"	0.392949148	6.294690873	6.325000022	5.474569034	-1.852584
"497"	1.392090791	5.768664808	4.286706629	3.489769867	3.429723
"498"	6.898499598	1.468341862	0.414292913	1.054950053	-0.100132
"499"	5.953000043	0.046625034	0.040425884	8.254272067	0.104264
"500"	1.402555452	1.81356602	1.816769329	1.773073016	0.976139
"501"	2.031226508	2.116759616	1.096548889	2.019571928	3.828653
"502"	3.001290789	3.637967018	0.576149307	3.28813432	-0.078287
"503"	6.009639094	6.426446176	6.896647697	3.42063577	3.7733
"504"	1.990158212	0.329271593	1.776052146	0.368129856	-1.144717
"505"	6.025800757	8.53858416	4.907328731	7.601397057	2.453956
"506"	0.339455801	0.284049925	0.820240422	0.294989593	-0.087963
"507"	0.090489846	4.859821071	3.092149292	5.791310181	-3.887194
"508"	1.575410276	5.302328208	10.12691881	0.834148454	3.016443
"509"	1.546543158	6.58612963	7.589391161	7.389310235	3.873629
"510"	2.983586686	2.969878374	3.062289816	3.022635998	2.515638
"511"	4.078562683	0.234680725	9.732423104	0.222505999	2.306436
"512"	2.182705702	3.211034698	3.744732104	5.909662154	-4.021356
"513"	3.756817092	0.976060265	4.620562068	4.591605966	0.856741
"514"	2.533279634	0.408824403	0.527155844	6.875035126	0.304309
"515"	1.406762385	3.570678924	3.39115493	0.118083489	2.164559
"516"	2.02057565	2.356984121	0.557478741	4.462466031	3.086971
"517"	1.038366434	3.415690329	0.886261536	3.585751111	1.837681
"518"	6.673678239	6.633223496	8.392650333	7.766984636	-4.264655
"519"	1.670128328	0.539589377	0.263618956	0.363937381	-1.11729
"520"	1.10461801	9.997461485	7.781029567	1.445589831	4.781122
"521"	6.486626593	7.417344621	1.266324628	7.553664489	3.715837
"522"	5.001129042	0.203622213	5.018109565	4.733100496	-1.4553
"523"	6.669199952	6.479307974	0.505384549	1.001313036	0.584067
"524"	2.273818062	0.570348461	3.16490076	3.503328609	-0.190748
"525"	7.713138297	0.164063111	0.734759146	8.644194284	2.985243
"526"	8.072982267	4.223960748	4.355026176	7.364874216	-4.456902
"527"	6.868206004	5.784468416	4.503281069	4.775768771	4.674469
"528"	5.199057506	4.075032231	2.30860194	5.089296137	-2.930662
"529"	2.807613028	1.239769387	4.413801509	2.287368906	-1.782299
"530"	1.176729121	0.450076377	7.750656679	7.531594672	-0.622736
"531"	1.698678014	0.216173368	0.135661119	0.134294118	-0.104133
"532"	0.018907995	5.830794186	8.169043403	7.849961466	-1.136242
"533"	1.119135228	3.104958647	0.125089939	5.956425691	-3.036374
"534"	0.750136416	4.062793486	2.443251253	6.097319964	-3.564669
"535"	6.963616484	8.870867361	2.051862661	1.396736923	4.396936
"536"	6.367014664	1.514422638	5.154545749	4.845748943	3.195514
"537"	1.24992093	0.173754561	0.202898677	1.247160725	-0.55884
"538"	0.432590243	0.474025941	0.196269527	1.793018723	-4.661365
"539"	7.012261862	0.656225561	7.573953799	1.38915277	3.788375
"540"	1.827744927	0.357352573	1.873142489	1.89423213	-0.406676
"541"	3.480782128	0.062233328	4.726744854	3.624658499	-2.034676
"542"	4.377003249	6.896267406	1.489502911	3.180677332	3.222806
"543"	4.26887681	4.651952799	4.662752328	0.634616698	-0.425755
"544"	0.814812184	8.202206783	4.806046139	4.340545783	-3.091706
"545"	4.507683337	4.566927981	4.573154064	1.490704821	-2.359349
"546"	3.478830045	3.141226801	0.095318272	3.42873288	1.565539
"547"	5.971657677	7.202733456	2.185973189	6.903357665	3.682329
"548"	1.949400915	1.744894141	1.512016511	4.483663917	1.433166
"549"	3.835983766	5.376952424	4.113050917	2.135144459	2.514754
"550"	8.174207352	0.290727151	0.994091785	8.371500122	0.298186
"551"	3.903744879	3.776383814	5.182339471	1.882905944	4.410564
"552"	2.78615882	0.300563528	3.13807182	1.741311003	-2.03476
"553"	1.502401446	0.060906522	2.163970432	0.085600364	-0.993393
"554"	0.144476921	0.277133747	7.162506425	7.419607559	0.026624
"555"	8.337775935	5.767328327	0.339975101	5.710278989	-4.480738
"556"	0.745246988	1.03500302	5.210480424	0.769090368	0.091784
"557"	2.90234121	1.530192129	0.838678714	5.694499897	-3.136116
"558"	0.089441169	0.451193157	2.322877488	0.49474782	-2.400987
"559"	3.953853837	0.335256051	3.924983411	2.743629805	-2.525671
"560"	1.470888214	0.546050649	1.579192036	3.218051843	-2.22632
"561"	0.97097426	4.957000132	3.797324071	4.416593709	-3.581836
"562"	3.911578597	6.207252991	3.909360128	3.476819183	1.963577
"563"	1.508990864	0.492842374	6.961403207	1.388898004	-3.884669
"564"	1.298063191	4.266965681	1.609520835	2.178532789	1.602803
"565"	6.262407934	2.419648495	5.548134732	4.345200314	-3.186737
"566"	2.9569644	3.350550965	1.240735669	1.134720854	-0.634133
"567"	0.359909303	2.957783567	0.155429027	0.147197695	-3.955389
"568"	1.403770546	0.818368421	1.001257279	1.023115031	-1.365106
"569"	0.370347247	1.167654855	2.329529434	3.41487961	-2.518536
"570"	6.434079007	1.582313328	6.410896478	5.363543864	1.201114
"571"	4.945861923	1.254787297	6.161354827	5.934102185	-1.418169
"572"	5.731560121	6.532871914	5.751038414	6.506153076	-4.209497
"573"	7.307898331	0.713905853	1.68484883	7.871482522	-4.19154
"574"	3.332202891	3.104314566	5.292030491	6.013313823	1.684331
"575"	3.873212599	3.972342302	4.67738142	4.69654858	-2.418867
"576"	0.054551553	0.28133554	0.101334735	0.23250233	-0.081301
"577"	4.609275955	0.778276925	1.167109147	0.897138131	-2.49145
"578"	5.303658688	4.567792611	2.028821148	2.547089855	-0.959817
"579"	1.348517952	3.176307394	8.457769944	7.854884844	-2.34356
"580"	7.817250295	9.23913795	3.667673622	3.773774299	-4.712139
"581"	2.840638401	1.03365963	2.265277846	3.000792472	-2.76724
"582"	4.211345183	2.756833953	3.711492355	3.949095016	-1.010377
"583"	3.624267228	5.143428966	3.849146971	4.938211306	-1.939291
"584"	12.13940584	12.43868767	9.236757669	9.480953471	-4.767048
"585"	0.267823425	0.134293107	0.459364258	1.056552754	-0.393734
"586"	1.131876054	9.80929438	9.483463855	1.090910977	3.980265
"587"	7.103327448	1.496176729	0.343729127	1.825081945	4.144918
"588"	0.604644506	3.050719394	2.683758941	3.559319127	-0.16587
"589"	1.660709301	0.972864663	1.028192609	0.640088199	1.913525
"590"	5.284287634	8.795878466	9.825355613	8.891077982	3.178417
"591"	8.337782762	2.43913743	9.036751452	9.057131733	-1.381478
"592"	4.144170567	4.302888626	0.233257775	0.692078657	0.721014
"593"	4.791157975	1.16201448	4.802412765	0.424333189	-2.558049
"594"	2.628139236	0.765853776	0.127672545	3.259291574	-1.628851
"595"	8.554178602	1.23240391	7.147885275	1.14101318	4.71003
"596"	9.489145536	10.44003711	9.387920838	5.3497414	3.516169
"597"	1.208966023	1.200335595	0.256117332	3.768779645	2.049687
"598"	1.006674718	0.513785443	2.673636914	1.448246985	3.532914
"599"	2.31486782	4.965852288	2.583520448	6.065811434	-2.93888
"600"	2.81331434	2.36727318	2.47026843	3.147015526	1.612279
"601"	2.227531227	5.219175548	5.175806532	5.127501713	3.166374
"602"	8.406246444	2.766689769	8.209314308	7.001263735	2.00349
"603"	0.848594861	3.267411592	0.263607212	0.778808759	-0.983144
"604"	7.664767881	5.898735794	7.669378466	7.288158716	-3.513976
"605"	0.860650021	4.183217491	3.124686898	1.822766593	-4.149384
"606"	4.052539698	8.189418629	1.083952351	1.938240751	2.908256
"607"	3.898079236	2.20375124	3.742191659	0.390880592	-0.193051
"608"	4.012372486	3.823490268	3.728702896	3.729452785	-3.746352
"609"	4.922516409	4.952639518	4.004542187	0.02940534	-0.798558
"610"	0.495597383	3.21184551	3.271982678	5.336126726	-1.67313
"611"	1.519353099	1.101134281	0.578670702	3.586492879	-0.476117
"612"	6.091101631	6.342614353	6.584159064	6.479327638	-3.167007
"613"	0.336072719	7.299440198	7.252492437	6.925186212	-1.731142
"614"	9.640054589	9.159098928	9.890512304	9.371165338	-2.078221
"615"	4.357496817	1.634696771	1.628954887	1.445941706	-1.656543
"616"	3.336766543	8.032217238	3.919723938	3.205743779	3.942518
"617"	1.549475762	0.053370718	1.158680948	0.855391976	1.571901
"618"	1.098801402	0.817854062	0.995633105	1.407813322	0.082412
"619"	0.180617615	2.612566087	5.367816398	5.382470538	-2.609659
"620"	0.745376701	3.839724831	1.430623123	4.057108393	-0.746257
"621"	4.581848732	1.156132964	3.737264522	4.759114317	0.623446
"622"	4.455523254	5.722577342	5.579772181	5.398747079	-2.619111
"623"	4.442688896	3.956861532	0.330193398	4.33346138	2.551184
"624"	1.011444174	0.170063062	0.4660005	3.743118893	-2.769864
"625"	4.186899142	5.262492684	3.430544095	6.28862293	-2.035611
"626"	3.252581314	2.976865815	0.932944862	2.580033616	3.613807
"627"	7.206738505	9.712104865	8.270509238	7.747564391	4.306927
"628"	4.219064414	4.893967457	2.887029334	0.40590352	3.304411
"629"	2.368012493	9.734494303	9.572427732	9.692434617	-0.36525
"630"	5.850257061	6.424914703	0.305040267	6.922107353	-1.219005
"631"	7.541801243	1.1306671	5.480572522	2.188821207	-4.437832
"632"	3.371846013	0.833296666	0.786916211	2.066184095	-2.171565
"633"	3.850015392	3.561290252	0.437979355	0.468658243	-0.187973
"634"	2.981193953	0.764943589	3.628518683	0.906032622	0.391324
"635"	0.381935531	1.095650265	3.150988357	1.186223512	2.343893
"636"	5.643476629	4.499018595	5.379156685	4.938398929	2.467674
"637"	0.029933445	5.73922718	0.558052453	6.569130709	0.289702
"638"	5.91375374	0.734002635	8.65772454	8.193863644	4.300532
"639"	1.156896284	6.157938568	8.921967878	8.773346705	3.230901
"640"	7.724496363	7.638591304	2.398304592	6.549005079	-4.100682
"641"	3.231435368	3.79502546	0.832605594	2.015080098	-2.0934
"642"	0.103908026	1.238413545	9.756388175	8.525752093	-4.986559
"643"	7.278665822	6.587715626	6.77406887	7.393395648	-3.857569
"644"	5.012641616	1.846250355	4.72627392	4.953371375	-1.011088
"645"	4.436992119	2.961334029	3.439055161	2.485508781	-3.868836
"646"	0.426877464	3.616145846	7.021208336	0.706702497	2.447181
"647"	3.680000603	6.017921549	2.302228811	2.927497152	-3.177023
"648"	5.27222677	0.199969615	2.64167094	7.22254734	-2.769161
"649"	6.007022309	2.379175754	1.160699425	1.515242525	1.272529
"650"	2.009313401	0.1110642	1.36432806	1.214043112	0.375422
"651"	8.633812047	1.878071888	1.037595618	8.118522148	4.476764
"652"	3.775513523	5.295205036	6.322495769	0.816122826	3.823366
"653"	0.719285209	1.221386545	1.283715004	1.645916788	-2.415716
"654"	0.922542999	2.205044077	1.069793038	2.77762729	-3.893365
"655"	0.638575043	3.238877908	2.66372256	2.774989698	1.675209
"656"	7.347327017	9.005927937	1.817600913	8.623978498	0.903982
"657"	1.949376597	3.867895975	3.032132575	1.967127338	-1.480674
"658"	8.181790333	0.558461271	0.919649199	5.416031846	-4.421722
"659"	0.210068022	4.102347318	2.557316465	5.118169663	-0.697628
"660"	0.306661449	9.055446837	1.002965097	1.424206628	-2.208602
"661"	0.254030024	1.681048893	1.677221494	1.541737953	-0.113805
"662"	1.206955378	3.291305206	0.05336991	1.014519653	0.898183
"663"	8.031226792	9.57170991	6.256312758	9.775768191	4.915293
"664"	6.275332553	9.443368035	0.201942902	2.112826617	-4.78394
"665"	7.023801407	2.128843493	11.39677897	11.4678421	-4.536237
"666"	3.323183515	3.162768484	7.687781684	0.311308628	1.876693
"667"	3.510141914	3.484159027	3.422372038	4.792427812	1.7031
"668"	0.380477469	3.530857891	8.845964727	0.839823402	0.752405
"669"	6.985331435	5.894769122	4.083501309	6.889118859	-4.777361
"670"	0.225711486	2.766452417	2.711384224	0.397281587	0.161603
"671"	4.65777544	4.42160185	4.500894251	4.991515279	2.755473
"672"	0.098696705	2.173599445	3.592971647	4.235812535	-1.654327
"673"	1.607449349	8.078285487	5.223916185	0.814323892	0.870688
"674"	0.273589592	0.504268397	0.341247274	0.348877282	0.351202
"675"	6.959262925	0.661926624	0.409479998	1.960662584	-4.998675
"676"	7.218246909	7.557393156	0.475865979	7.256032979	-3.721777
"677"	4.82749231	4.733649346	4.644982564	0.015175126	0.711682
"678"	5.83906169	0.687718464	5.920615213	1.088664518	3.322007
"679"	2.554611358	5.475588903	0.658848427	6.125931031	-0.679964
"680"	0.899010565	9.418783015	9.654762901	0.576169096	-0.531211
"681"	0.596350357	2.248833921	0.601441456	2.954370556	-0.747953
"682"	0.919418235	6.605431521	7.345925802	7.039508561	-1.975009
"683"	0.34537773	3.861242347	0.265417229	1.084300027	-1.977519
"684"	1.579974275	5.942591606	2.578418096	4.787822371	4.155251
"685"	3.914139074	2.751981269	4.38018145	0.632658862	-3.892944
"686"	8.842619583	0.351469303	0.239961673	7.511140913	0.231046
"687"	0.093636679	4.463753264	0.608264188	4.983935348	1.196392
"688"	0.68585083	0.137035117	5.498321263	1.833689664	0.601134
"689"	2.926707569	2.771808325	3.140497572	2.23449052	1.138648
"690"	1.509457239	3.218091441	1.873361689	2.803952968	2.804533
"691"	3.495090011	9.216737557	9.184797449	1.33606994	-0.873216
"692"	6.983699912	0.666198924	4.630223745	6.285572609	-1.649018
"693"	8.382579547	11.32304501	8.013447915	8.406129138	-4.838972
"694"	2.815040148	0.122032038	0.485910337	5.374356351	-2.516448
"695"	4.632079109	6.217415329	5.478133291	5.446294342	-4.610355
"696"	7.806650147	1.051985118	8.724321461	7.732938327	3.473995
"697"	3.571083128	0.536765565	0.687373224	0.03647018	1.765078
"698"	0.331462038	0.711581241	0.552472452	2.139910526	0.424866
"699"	9.49171409	6.975367971	9.544372569	1.871453254	0.507556
"700"	2.185881616	5.415283414	5.099785424	0.143230155	2.705861
"701"	0.878848511	0.542430755	0.613783926	3.026940561	-0.66847
"702"	1.731603131	0.099592836	1.232461185	1.277778243	-2.258
"703"	8.107849407	7.573852679	8.695557522	8.636506973	0.214069
"704"	6.725828035	4.79429847	0.20237137	1.54124878	3.525286
"705"	0.133749866	4.129305868	1.364388379	6.101638492	-2.993816
"706"	0.113164426	3.789415864	5.262962398	4.660254322	4.499088
"707"	5.608656695	0.148836659	5.782237649	3.621893387	-2.006873
"708"	3.89802709	0.651810913	0.811395161	0.616583723	0.38151
"709"	0.034923919	0.659292321	7.800070146	8.293788891	-4.36518
"710"	7.530886626	5.14851421	1.159825339	7.54265802	4.119001
"711"	0.155560262	3.980657438	8.189114999	8.524459297	2.26422
"712"	0.100398005	1.989123528	5.644720805	0.924727242	3.268752
"713"	4.950827639	0.246831661	3.788035186	4.855084671	2.189906
"714"	2.948838072	0.707696235	1.259029034	4.081290892	2.975305
"715"	3.033870026	4.860810916	4.844459196	5.69686008	-2.418461
"716"	7.663866766	0.441408334	2.021793835	7.429778292	1.118684
"717"	4.598975968	2.79572915	2.656807318	4.076317639	2.537373
"718"	2.531966023	0.565983748	0.620825683	2.654386268	0.206278
"719"	6.998804037	7.052346571	9.126384874	2.061728358	-4.805159
"720"	9.088513137	0.068096094	7.619772687	1.418166636	-4.308171
"721"	0.842693518	3.204313757	3.736064138	2.969438888	2.382515
"722"	2.710798317	0.059983065	0.019808022	2.711829958	-1.382079
"723"	1.280267173	2.367076516	2.888443288	2.372205902	-1.236106
"724"	4.41574171	1.851395563	4.753199603	1.881118705	-3.429012
"725"	11.43440658	2.700773944	8.610849312	7.373013142	4.748097
"726"	0.474168859	1.614444722	1.002767665	0.623473151	-0.623108
"727"	3.417210711	7.530044166	3.63333377	6.951232253	1.766746
"728"	0.736596877	7.26739599	7.088032429	6.770964135	-3.752834
"729"	1.538963781	5.805130539	0.588285218	8.741536451	4.582093
"730"	0.977099739	1.291644575	3.12386662	1.287808422	2.685475
"731"	0.941273192	0.373764076	0.436516392	1.047827466	0.665479
"732"	2.084653582	8.014637466	8.182129958	0.208288295	-4.163356
"733"	3.626571038	1.84301038	1.637098724	3.593394159	3.030817
"734"	6.918908974	7.120577314	6.89389474	6.9441265	3.422796
"735"	0.904906498	6.730043035	6.679325504	4.64565638	-3.564789
"736"	1.583172323	0.771884611	7.795676705	0.354768934	-4.721264
"737"	4.606160195	0.22344855	7.425899148	6.774037739	2.609456
"738"	1.445984388	0.053018229	1.491622377	0.758683877	0.434095
"739"	0.78507517	4.383823527	0.380841515	0.514998718	1.582113
"740"	2.817245733	1.218677947	6.73090186	3.891671388	-4.757564
"741"	1.3973789	0.312767056	8.134014796	7.573626978	-4.442553
"742"	0.356309725	1.006890905	1.023722702	2.298930685	-0.427447
"743"	0.718194027	5.674713728	0.38476324	5.562086244	3.01867
"744"	9.014861591	5.827389329	2.691485638	7.400390333	4.473565
"745"	0.311558694	2.835217872	2.68173748	5.454088498	3.360138
"746"	1.036534704	3.252272262	3.386427051	0.38368542	1.887256
"747"	7.315805251	1.401925167	6.789736059	3.66592109	3.759342
"748"	8.517843369	2.004616559	2.442747169	7.283486752	-3.693881
"749"	5.967847418	3.162879833	3.87152339	5.419404789	-4.398183
"750"	2.043218914	6.131776169	4.578345478	5.18963928	-3.565219
"751"	1.061438932	3.039866308	3.688505493	1.093437764	1.021319
"752"	5.824047033	3.436377357	3.364913073	4.169641897	1.451039
"753"	9.000001746	2.299128976	1.890827786	1.628414871	-1.098997
"754"	8.255907046	8.337917567	8.826051474	1.600579424	-3.868062
"755"	4.307908134	0.848626481	0.44677604	2.175051632	-1.802175
"756"	6.999818787	7.125799725	1.083815313	6.311650417	-4.449308
"757"	0.136939592	3.77413455	4.293246855	7.437924223	2.378183
"758"	4.687132598	5.648033442	2.889014215	2.785347097	2.088229
"759"	7.670001836	2.548728572	4.964048857	4.374620906	2.350753
"760"	3.504317562	5.195834072	0.825797462	4.952741976	3.086217
"761"	3.842596191	1.50330635	0.454040568	4.4179706	-4.457981
"762"	0.443749828	4.060326859	4.348079258	3.768606013	2.828966
"763"	0.090380067	0.258716752	0.524605883	0.601701436	0.415393
"764"	4.346362751	3.803705643	0.417870401	1.51048486	-2.189769
"765"	4.641705581	4.967074649	0.404316306	0.204432411	2.643099
"766"	4.922380702	4.784131437	1.402386953	3.760189194	1.867727
"767"	8.403842311	4.29536089	7.158614868	6.891646191	-4.075264
"768"	5.871887035	6.729318151	5.5277085	1.541033526	1.477092
"769"	0.596941138	6.179200281	9.248287768	5.032869057	-3.967839
"770"	0.203321201	1.592802647	1.898609323	1.220150952	-1.852414
"771"	8.267634701	7.249150482	7.075609779	0.554307443	4.140903
"772"	6.988772741	7.799686255	7.814721821	3.711872324	3.301988
"773"	4.373894089	5.266281831	8.694876392	4.425581558	2.600094
"774"	7.802925206	7.909292918	0.806743441	0.70247624	-4.006019
"775"	4.051378763	4.062148773	3.480372513	0.039369787	4.633646
"776"	6.258885644	9.106961788	10.50028991	5.993370441	4.735056
"777"	0.027245008	2.577048071	0.395764398	0.334658194	1.999106
"778"	0.200536778	2.648052335	2.504250949	2.248288305	0.414885
"779"	2.50717891	2.517569348	3.74951305	3.519196349	2.893445
"780"	0.664469878	6.812021042	1.268083778	7.986041947	-1.762735
"781"	5.430186624	2.790294216	5.450327398	5.078834023	-2.668086
"782"	8.009629399	9.751380244	0.249353349	0.560949596	4.960848
"783"	0.164036221	6.907163055	6.504524996	7.256432585	0.53928
"784"	3.037319557	6.221300845	6.311861534	6.341924958	3.843636
"785"	3.568787062	0.10475646	3.304044178	0.565989347	1.573597
"786"	3.435322656	0.260869676	1.036896986	3.530436696	-1.774473
"787"	2.228057919	0.692133402	3.326337558	2.487940415	-3.791161
"788"	3.276525712	4.258425527	2.290358205	4.890190138	-0.923855
"789"	0.282911169	6.033541789	7.771535351	7.807167192	4.568104
"790"	0.121346671	6.905466926	4.703165304	6.881122275	3.56912
"791"	2.680399929	0.662607708	2.321405001	3.472365718	2.469424
"792"	3.101876953	1.47842996	2.403074014	3.309196435	2.287598
"793"	3.168088006	5.615639334	5.122169561	7.71023087	-4.923924
"794"	0.608559461	4.712584036	5.636281078	1.392431847	-3.491473
"795"	6.129111681	1.608284031	6.923968935	1.64531341	-2.576316
"796"	7.236734834	5.108698496	8.406732756	9.029927523	-3.400654
"797"	1.960100283	0.258324559	5.375850756	0.082079831	-3.972611
"798"	0.071452341	5.854001956	2.64582171	6.73319707	-3.295324
"799"	2.253466768	5.630780174	5.167502117	0.170693533	-4.523632
"800"	1.665289817	4.804875622	6.156414663	3.838871409	-1.923095
"801"	0.87140946	1.549894629	5.72912308	1.720699359	3.916946
"802"	6.704999668	7.472807517	7.576262303	6.920904316	4.002658
"803"	0.035633084	1.905275537	1.441175759	2.153332251	1.251003
"804"	0.148770309	0.011914002	0.329146048	0.434886	-0.000715
"805"	0.344845304	0.227838818	9.133806043	7.511135259	4.77305
"806"	4.268678525	0.108923502	5.803835219	0.98828356	0.819397
"807"	6.754497158	0.08042817	6.39551259	0.926837472	-1.739057
"808"	3.724339748	4.694692195	3.982536542	4.630861817	1.531999
"809"	0.209329561	1.011642049	4.395884928	1.354263544	-0.726971
"810"	0.81988309	0.790191945	4.015176463	4.325245944	2.200362
"811"	8.057461064	7.352733132	10.16972762	7.068901945	-4.051669
"812"	0.356182008	0.445246659	5.453825814	2.873336982	-1.498987
"813"	7.053991415	0.625054475	5.059598924	6.390103772	-3.405385
"814"	1.505789418	5.443875231	5.494786762	5.777546691	0.737195
"815"	0.792893081	4.773970151	1.145589334	2.657791572	3.414598
"816"	3.965732932	0.244984115	0.042911836	1.064018247	2.14036
"817"	0.114518364	0.265310482	0.087261086	0.768324967	0.385185
"818"	4.78067595	0.632337055	4.479364306	1.481364703	-2.731491
"819"	6.305327545	0.447934112	6.254114068	0.974138637	0.21025
"820"	2.111813249	0.965766905	5.150311974	1.48298703	-0.977642
"821"	4.245135282	2.578835996	9.88300969	9.941666879	-4.740326
"822"	5.525825129	3.075843152	1.370233523	0.035800109	-1.777118
"823"	8.923064946	5.791779117	7.24959186	8.68989662	-3.123108
"824"	1.279537411	1.295810153	0.55081274	1.200392633	-0.705276
"825"	7.252393539	1.045817332	5.117781624	0.401594067	-2.635094
"826"	1.00704943	1.984708824	1.799014825	1.795402789	-1.394516
"827"	0.276450611	0.452357941	1.294025873	1.594517473	0.99988
"828"	1.110432454	3.037466042	0.48898229	2.91357006	3.383349
"829"	0.934058585	8.114568358	0.139961085	0.739690806	2.137658
"830"	2.967140323	2.292050709	8.061119389	5.947680404	4.092551
"831"	2.903923756	0.539691249	2.644616534	2.892651454	-1.450149
"832"	7.578714786	0.480911926	8.124026507	2.303771603	-2.535696
"833"	1.134009806	1.235262399	0.449154352	1.126356484	0.623838
"834"	7.660187968	1.804919421	2.124618304	5.971845862	-4.402298
"835"	3.277520484	0.84431569	1.865757884	1.788639137	2.796854
"836"	7.890687792	9.29980003	8.217121934	8.704558147	4.627087
"837"	3.450514273	3.399504118	2.699747403	3.336424489	-0.574595
"838"	7.626442176	1.032850799	0.046607781	1.460826659	0.781334
"839"	4.184024792	4.415239372	0.636916793	0.280429325	2.280145
"840"	4.084002032	5.78518502	6.029992006	5.950100129	4.359068
"841"	1.323161903	0.336096671	1.31391918	2.491341787	-2.144035
"842"	8.883539151	8.135891174	10.54927028	6.084242329	4.862103
"843"	2.633440451	3.343326367	3.57108581	1.855712892	1.33284
"844"	8.484521385	1.255953255	0.338104952	2.577820323	4.298917
"845"	0.348360321	0.193948226	1.439321855	1.532186686	-0.785492
"846"	6.532504595	1.178642248	11.78015037	11.96242087	-4.844567
"847"	6.063495988	6.892206545	5.907146757	1.525370689	-0.825382
"848"	0.420088526	8.936884802	9.177033671	8.392662649	0.497099
"849"	6.829069285	7.031115079	6.957682321	7.659576674	-3.856258
"850"	0.285576949	8.528968416	9.324061848	2.671576394	-1.532857
"851"	0.875691001	1.001098015	2.216593027	8.183551002	-4.60132
"852"	6.323736339	5.32349372	0.322311798	3.968654044	-3.403151
"853"	0.150010005	3.756152169	4.617015072	3.647412051	3.829631
"854"	0.670451368	2.036777993	1.861074212	2.935230391	3.350557
"855"	0.214795388	0.606961809	0.576570793	0.652360142	-0.174735
"856"	6.43368367	11.41462497	1.910006144	1.160668807	4.793519
"857"	0.65443967	5.54593468	9.518850084	7.820574175	-4.86606
"858"	2.689458096	4.497390992	2.806451448	1.806170275	-2.064882
"859"	7.410094881	7.873532837	3.478494551	7.714326534	3.351509
"860"	1.169578619	0.522729535	1.159399637	1.15939454	0.762781
"861"	0.283530761	0.082774686	5.95054378	5.967816095	3.581805
"862"	0.93532688	1.76323525	0.983910029	4.655650281	-0.757254
"863"	2.462448027	7.835692496	6.145575542	8.775842984	-4.537367
"864"	4.956940883	6.42038406	4.135396087	6.139047427	-2.334095
"865"	1.646828791	5.784995113	6.988899812	6.578446308	-3.458037
"866"	0.238857123	7.426451897	7.469798483	0.029403262	-1.568901
"867"	5.644260487	0.70217758	2.800318652	0.757924528	1.827348
"868"	9.844251614	3.790211663	2.985253628	3.24468693	4.936045
"869"	3.889086764	9.096965174	3.804453948	9.049101187	-4.745653
"870"	0.728409297	7.960513755	5.940001902	5.962188727	-2.753606
"871"	6.737588948	0.240765781	6.131639326	0.314548495	-3.250647
"872"	0.004191805	0.895839721	0.703933085	0.901424452	-0.009259
"873"	6.042874024	1.332582275	1.420364043	1.63822902	4.318197
"874"	0.05643246	2.279264981	1.63781123	1.850388322	-0.029795
"875"	8.62280751	7.775704757	8.754646688	11.6115003	-4.743532
"876"	0.131717468	0.602990269	6.117860131	4.892852264	-3.402784
"877"	7.602901497	0.058818259	7.542193152	6.418352339	-2.653971
"878"	8.880833569	8.907785146	3.589192984	3.672584956	-1.918556
"879"	1.428383234	9.120623924	1.325783943	1.346910153	-4.359469
"880"	4.311592422	4.253436655	4.166060221	4.909950574	2.149785
"881"	0.548211529	2.778924517	5.326472682	3.202706299	-3.065181
"882"	0.251022406	0.391820446	2.782867001	3.08183456	-1.759037
"883"	1.337213281	6.9871149	3.168869246	6.521154164	4.028265
"884"	0.558597719	0.275792796	5.08495038	2.490233433	2.292206
"885"	1.755930317	1.646817293	1.809655241	1.782913561	-0.905002
"886"	3.17658103	5.021291601	3.170631718	3.580929001	3.131245
"887"	2.411556242	4.961087973	2.796244804	4.474851418	0.037074
"888"	6.365719224	3.030536252	6.088939107	9.45274172	-2.045857
"889"	1.251251116	9.057263511	1.532075062	1.299318294	3.96385
"890"	7.466795719	6.072662929	9.597776536	7.470871377	4.683864
"891"	7.102118108	8.396720074	2.610771588	2.231898223	-4.248274
"892"	9.741447168	3.750855891	9.066738447	3.36800245	1.931156
"893"	2.035169613	3.652725602	2.3566603	4.687392465	3.156155
"894"	7.583402977	6.804305017	9.083833835	4.208723345	3.520373
"895"	1.307200027	2.406973049	4.039393452	1.241868731	-1.231008
"896"	1.665306552	1.621502807	1.769676943	1.633888065	0.670999
"897"	2.197544881	2.214835553	2.529468038	0.243152602	0.668265
"898"	4.491359463	0.181153077	5.086063401	4.401966589	-4.950968
"899"	1.204301932	3.257226606	3.436770824	1.207316368	2.328235
"900"	1.748320804	3.518804685	3.524352219	3.53543866	-1.030575
"901"	2.197513664	4.978094653	4.84482359	2.416252526	-1.495639
"902"	7.729524033	6.136633681	2.059324778	3.842285158	-1.843396
"903"	2.00401187	2.496339118	1.067064335	4.183158612	-0.872295
"904"	7.365972642	6.761931717	6.203563143	7.554234166	1.836899
"905"	2.857659648	6.849199648	0.635667559	7.779581116	-0.530466
"906"	4.380321366	3.890251724	1.812002876	0.611128134	4.926152
"907"	7.474052869	4.456762056	0.082825825	0.338045898	-4.32247
"908"	7.403325628	7.260722622	3.339204702	2.312648484	-1.748046
"909"	0.728606754	7.436655624	0.846632301	6.23275734	-4.180161
"910"	2.505292364	5.348707743	0.527277622	5.342756592	2.678352
"911"	2.173912318	2.888348159	3.672275659	5.622260465	2.970071
"912"	4.257643415	6.778574364	6.92627489	7.252746336	3.435932
"913"	0.819277638	6.448368276	4.344301922	3.441648668	3.742069
"914"	2.099163196	1.514246142	1.445236641	1.337207824	-0.872346
"915"	4.291368506	1.368879001	2.680028005	4.319311459	-2.613679
"916"	0.309985816	8.836207346	1.851987604	1.975405688	-1.005171
"917"	2.439042726	0.994412605	1.660149002	1.460657994	1.477367
"918"	8.999368751	10.21645848	2.342497262	4.968144306	-4.590707
"919"	7.294542579	7.441099744	2.415437737	1.264093291	0.312717
"920"	6.873504917	11.7309788	4.923926501	6.845414545	-4.985085
"921"	1.550005459	3.466633358	2.445286847	1.089296671	-2.387333
"922"	0.825575676	9.42630168	10.43525685	0.799034548	-4.582592
"923"	2.002595185	4.83264207	5.514582687	1.99400738	-3.914524
"924"	5.831358767	3.507495444	1.314398338	4.344040393	-1.847529
"925"	0.895902868	0.226435576	1.904293353	3.039313342	1.303794
"926"	0.575440049	0.020146411	0.814693908	0.742799351	2.709659
"927"	1.150149762	4.66138155	3.991201489	4.825357487	1.746703
"928"	0.946587212	5.587378885	0.578841251	4.527800754	-2.922042
"929"	1.098308135	1.504072454	4.550112226	3.946627404	2.108779
"930"	3.577125752	4.367928819	4.960135103	3.739538209	2.249066
"931"	1.685422133	7.600013771	6.896163161	0.835384836	1.546523
"932"	0.186587582	6.601277843	1.626806893	7.704748004	-3.887131
"933"	2.151964392	2.831320613	3.776284227	4.984032837	-2.522247
"934"	0.808213309	6.251991784	1.239489969	7.23203623	-0.502805
"935"	0.938990396	3.860101325	1.646430238	6.516813378	4.358377
"936"	4.813604749	4.114338194	0.425541778	2.19741493	1.135677
"937"	4.600594867	0.682628513	8.117028653	4.334029728	-4.904834
"938"	2.63927771	5.918460098	5.909731653	0.695568791	-2.935336
"939"	2.063179767	0.625640094	6.024967181	5.472758483	3.220985
"940"	8.00051669	10.47679252	7.391530168	7.481062658	-4.333656
"941"	8.347631701	8.692133036	6.820499221	8.451278649	1.854112
"942"	0.016870377	0.210667986	1.973532049	2.039255628	-3.821792
"943"	0.283398641	0.858321438	0.877458556	4.611155651	-3.565676
"944"	0.224014746	3.332415658	0.593980217	1.223591419	2.215182
"945"	6.420559178	1.58299609	0.595934061	5.036607807	1.385066
"946"	3.14462418	4.663833518	6.75618945	1.765773106	4.08353
"947"	0.19924295	6.033514519	4.568335278	5.383134663	3.576852
"948"	0.980202562	0.58777897	0.468195584	0.392854567	-2.445442
"949"	1.822600053	1.942282326	5.114951258	4.972930994	1.071553
"950"	4.986645092	3.51613524	1.17966875	4.725582995	0.501423
"951"	0.719703944	6.729585052	6.746729975	0.324275777	1.104036
"952"	2.054447873	0.695706814	0.001508602	0.262323858	-0.357021
"953"	2.61910334	2.551792849	2.457333548	1.462406238	1.306631
"954"	0.422368761	1.121230974	2.350912291	1.410517121	3.015137
"955"	7.074175586	8.855699866	4.491268984	9.70573938	-4.501122
"956"	0.995496555	2.581466752	4.654544069	3.670736631	-3.691998
"957"	8.270234635	4.645232707	7.231272748	8.084038514	-3.645266
"958"	0.032517086	2.910701711	0.189407464	0.798720765	-1.89712
"959"	8.276246167	8.74592019	6.91953892	6.076706447	4.173704
"960"	3.398490693	0.004171491	3.319199969	2.817254527	4.476025
"961"	6.191017438	7.00772417	0.409770698	6.956965459	1.823662
"962"	0.053374384	0.900116109	4.516815421	4.629956987	2.326852
"963"	6.618436036	1.935327332	6.87089481	2.082982316	-0.015597
"964"	8.755243875	8.974472943	8.522939389	7.707336903	-0.863429
"965"	1.535928245	1.514256508	1.310077611	0.46845431	-1.901984
"966"	0.020367538	0.260637634	1.013125841	1.6645398	0.912985
"967"	0.430329923	5.197964568	5.845566136	6.242238156	0.983248
"968"	7.181558374	0.465670685	6.641325463	1.272455478	3.787019
"969"	10.79426266	7.997607554	9.628947565	7.329906008	4.747192
"970"	0.715502492	0.476764812	4.11671835	1.152920186	-0.410172
"971"	4.239154884	3.91928596	4.155862381	1.818059508	0.499448
"972"	5.757667413	2.076445314	5.935513113	2.316964033	-0.962048
"973"	8.525952212	8.524189781	8.302651596	8.047369129	-3.247531
"974"	2.132572346	0.278970929	0.378763607	9.198030533	-1.191631
"975"	1.390463812	6.398362136	7.378367193	1.755064837	1.752912
"976"	9.657169443	0.579016088	2.80859757	1.665985583	1.735042
"977"	0.194919998	4.201242594	0.24228666	5.629090648	0.630295
"978"	0.278286036	7.048312276	6.183898116	6.742478914	3.565307
"979"	9.389796682	0.9333269	8.93861864	6.932130842	-1.276805
"980"	1.543088563	6.863367363	0.258883954	0.097441425	-2.091565
"981"	6.264340982	1.86714343	0.847405678	4.650063353	1.082975
"982"	1.916928741	6.656991502	4.332993176	1.85117279	2.165184
"983"	6.31627298	6.858357509	6.851284227	1.355016625	0.229905
"984"	4.086079187	8.854028001	2.958273476	9.231668579	3.085466
"985"	3.837088824	3.885290174	0.716725989	3.440563367	1.633411
"986"	3.793763633	0.410987547	3.680165724	3.098919412	-1.883521
"987"	3.446747382	2.02427272	0.621440787	1.970387182	1.860593
"988"	8.964620607	2.280439336	7.951457417	8.566664125	4.863803
"989"	1.34945204	3.402506129	4.212668891	5.855174348	2.935356
"990"	6.849280437	0.084278105	9.07340266	1.15629192	-1.569895
"991"	4.998455586	0.413326006	6.176102945	5.621478387	3.497459
"992"	4.675758174	7.738668655	7.991330129	4.189566144	-2.388389
"993"	2.195237684	2.05458801	2.218395306	2.213460862	1.269164
"994"	2.275428207	2.71169899	2.255134977	0.912041373	0.4647
"995"	0.838060047	0.923991614	0.359314376	0.393541911	0.721247
"996"	1.376663241	1.369752323	0.958206795	0.654837115	1.818289
"997"	7.628181461	2.638241329	0.571340761	6.280190987	-3.801496
"998"	5.11398462	0.444581486	5.427641042	0.348251524	0.293117
"999"	1.873272966	3.740643991	4.024405388	0.732401835	0.34878
"1000"	2.128488258	2.680358733	10.10945034	0.132456645	4.579111
"1001"	2.986566981	3.003602962	2.326154895	4.19397032	2.409366
"1002"	8.033771677	1.005614756	0.811154102	0.294124058	4.553312
"1003"	4.901424835	1.839570314	6.641478023	4.603573951	-2.276615
"1004"	0.830989648	0.987252113	0.706763429	9.908770288	0.510583
"1005"	4.189121158	4.061735	1.184411522	4.020931092	0.065625
"1006"	6.456977534	0.553722191	0.611188156	4.386289476	2.813424
"1007"	2.620062234	5.610341525	5.580058178	5.839856207	-3.183363
"1008"	0.170161869	0.167993106	0.220300321	0.144026511	0.122955
"1009"	1.889767681	1.970854843	0.478056619	0.209733848	0.668603
"1010"	9.668845652	8.848932274	9.81816531	8.145537343	4.739114
"1011"	0.890161899	2.002477762	1.031233116	4.490744319	0.374909
"1012"	0.096305913	0.570146667	0.056823763	6.914732926	-0.143258
"1013"	6.639662986	9.041495589	2.02229185	6.932979895	3.796971
"1014"	8.33128725	0.97795457	2.441239251	6.824922888	-4.730611
"1015"	8.770601117	8.992690631	1.69250189	6.184725235	-3.648986
"1016"	2.09003348	1.828412143	3.111142262	5.562873753	-3.995619
"1017"	6.076210381	3.174135652	6.176228978	6.151479625	-2.148674
"1018"	1.633454678	9.599524872	1.757425352	0.536961675	3.472552
"1019"	0.125199932	4.543971733	5.388996549	3.126541038	-1.934643
"1020"	6.113847292	8.414648453	6.189717914	2.104516646	-3.234266
"1021"	2.847236	8.174282017	1.056799467	0.015085693	3.850527
"1022"	7.962781075	6.859247076	6.541604142	6.846314579	4.564207
"1023"	4.558215643	4.449025415	5.980648015	1.616275326	-4.376992
"1024"	1.382883196	3.696036152	5.140676671	4.367886452	0.920362
"1025"	8.674810051	8.689865274	8.569555118	8.123822481	0.6477
"1026"	4.32718066	4.966839506	5.535577422	0.444675363	-4.928295
"1027"	1.155934447	7.51469189	1.25798397	5.286598311	4.887645
"1028"	0.070764558	1.558933604	1.38106334	0.247751459	0.140319
"1029"	0.276041085	2.127325001	1.514509558	0.072629004	-1.607288
"1030"	4.105169621	3.298705544	4.028733903	1.455041331	-2.540077
"1031"	4.176720783	1.722153917	2.585009215	6.712730596	-2.70459
"1032"	8.452109529	6.425587566	5.088273094	3.501754684	-4.515753
"1033"	8.33119334	9.385867307	0.289779	2.010377941	0.532306
"1034"	5.816901752	1.902894413	3.607983203	4.133096626	-2.746161
"1035"	2.481298218	0.647447289	0.257587376	2.490322549	0.335509
"1036"	1.207931863	7.383967477	3.42928638	0.676594711	-1.362957
"1037"	1.027727975	7.109090105	6.753765523	6.843979886	-0.739278
"1038"	8.109499057	8.125904438	6.402957446	8.14253139	-3.741255
"1039"	0.445988745	3.769994477	3.659580438	3.752215723	-0.926926
"1040"	1.731758648	1.007437424	3.188837126	0.312173898	-2.322652
"1041"	1.799934685	0.150326257	1.323710828	1.690958562	1.513501
"1042"	3.104254528	3.431396674	3.551220377	0.551139783	-2.379378
"1043"	4.552779789	4.906706004	3.747265102	6.871830895	-3.740358
"1044"	5.783153831	3.113206981	5.704641524	2.943465708	2.767845
"1045"	4.842592828	4.196473944	7.544692643	8.21965099	2.453464
"1046"	2.363318732	4.59105818	2.794374614	4.572782159	1.310531
"1047"	6.600562304	6.754823815	1.427837538	6.312383171	1.869068
"1048"	0.248503946	1.374922098	3.978718504	0.185153835	1.9143
"1049"	3.230037504	1.41242591	3.287710084	3.287238869	2.673159
"1050"	1.342291042	0.208635502	1.236826566	0.513520337	0.260259
"1051"	1.642337623	3.655336756	1.0935872	4.450515084	0.406152
"1052"	4.363062016	4.169645563	1.831299699	3.282786663	0.098487
"1053"	5.435093632	5.79080914	5.812201182	5.715237846	-2.26423
"1054"	6.567980142	6.664340534	6.743939511	4.868620717	3.345977
"1055"	0.069097836	0.552534817	0.564521852	3.51356359	1.816927
"1056"	11.5241403	0.350875319	9.625141238	3.372459775	4.98453
"1057"	4.757702755	2.311741877	4.699553737	4.179486405	2.387995
"1058"	4.705221147	1.257125575	8.223200934	1.082649738	2.458375
"1059"	0.066454625	3.905711084	2.587856784	3.10078387	2.632272
"1060"	5.160831023	5.473559665	5.088822782	6.19383555	-2.851457
"1061"	1.812358135	3.063468684	3.255161955	1.866147964	-1.478643
"1062"	1.091044263	0.871823986	0.006549782	1.173943265	0.56164
"1063"	8.615318957	6.791601442	6.908017298	0.60004894	4.376765
"1064"	2.739166757	2.923326197	2.550520508	0.15232054	-3.654346
"1065"	3.602118723	0.37465964	0.135626088	0.368090764	0.186345
"1066"	1.451388091	0.07833239	1.512273298	1.018152101	-0.755786
"1067"	0.480661217	4.124394036	3.233770499	0.509836005	0.038931
"1068"	8.290223624	7.839860964	9.511191871	3.441275736	2.265875
"1069"	5.349592235	8.249446819	4.579448364	0.999248148	2.670175
"1070"	0.567679357	4.818458927	7.091173649	7.246914016	4.185789
"1071"	1.591253503	0.591839315	2.189932642	2.181345097	1.063792
"1072"	6.190850941	1.967696889	8.666885863	7.805754359	-4.453596
"1073"	0.737770108	3.140024196	3.448299406	2.484957361	1.781954
"1074"	2.173167517	1.983474452	4.999544146	4.089071371	0.893832
"1075"	2.84050097	0.323550363	6.153396346	8.569124877	4.759862
"1076"	0.319932727	3.660037924	3.460295484	0.684176363	-0.310388
"1077"	0.10162688	2.477069814	8.499945586	0.700433113	-0.525849
"1078"	5.522626416	6.543533967	5.479445664	3.580156493	2.887165
"1079"	0.899073529	1.525172148	0.409881017	1.023622297	-0.535778
"1080"	5.612800352	5.202284209	1.237589825	5.593698718	-2.895185
"1081"	8.985851746	9.689161264	9.55686044	0.379625528	-2.413138
"1082"	8.479591	8.482511058	8.68161929	7.699213919	0.960852
"1083"	1.694210008	2.143305791	1.836970765	1.831859089	1.669205
"1084"	5.601319505	5.715303003	2.967739974	2.723940192	0.908824
"1085"	0.4421245	4.264636367	0.597100056	6.115586829	-3.930624
"1086"	5.888301381	6.050004421	2.564099069	2.527599309	1.420299
"1087"	7.558118226	6.480276391	3.318121086	7.212012743	-3.758328
"1088"	0.010634589	0.307925073	0.08905105	0.25514662	0.187671
"1089"	1.116665003	6.72251397	7.499649	10.94527911	4.764858
"1090"	1.195736818	1.262472894	1.022085883	0.534640025	-0.395439
"1091"	0.234254011	1.612354713	0.032873108	0.533691564	0.759603
"1092"	2.436145499	2.929536892	0.352570296	2.561877254	1.540301
"1093"	4.834208196	0.050546486	6.230190651	6.54741466	3.362551
"1094"	5.348930588	3.14495258	5.746944705	6.351870912	-4.64699
"1095"	1.197010607	0.127664078	1.534958915	1.43051912	-0.776242
"1096"	8.525383541	3.172022094	7.255519491	1.243791476	2.350922
"1097"	0.186636909	3.189054973	3.187981057	0.119052979	-0.075572
"1098"	7.270430905	0.76310363	5.654063747	6.023402222	3.671548
"1099"	2.679037439	2.636383031	1.124587449	1.812707161	-1.149329
"1100"	4.814685863	4.994330994	2.294217921	5.926695359	3.108992
"1101"	3.07850896	0.92187027	3.996260168	1.914859901	-1.76423
"1102"	0.102055762	2.168571387	2.006961598	2.22017497	-1.953226
"1103"	1.910457587	0.426726626	0.374938119	2.128729865	-2.238781
"1104"	5.690999156	2.069182381	4.656152247	4.981480439	-3.607255
"1105"	5.243861911	4.474646753	4.449427441	2.264612609	1.434025
"1106"	8.973411518	2.431564153	3.623955577	7.732805931	-4.530935
"1107"	10.5164625	9.380231897	7.613201828	6.83250414	-4.238007
"1108"	1.820814847	3.884709374	1.863928679	1.407958276	1.029137
"1109"	0.63904637	1.299944452	0.695820097	3.01538215	2.514636
"1110"	0.887944067	7.078206693	11.12073594	8.471411687	-4.931614
"1111"	0.059115413	5.084907536	0.601069395	5.405329457	-0.342202
"1112"	1.268750254	5.304076725	4.937614561	2.25131512	-2.567444
"1113"	4.241748648	4.279217369	4.038219615	1.405170136	-4.687077
"1114"	2.611406806	5.333410801	9.868547709	9.413382854	-3.066266
"1115"	7.403290211	7.453374501	1.577444578	5.875680973	3.016572
"1116"	8.367821032	1.952060298	8.694749291	9.085842212	-4.616485
"1117"	4.149323265	2.870382914	4.376351212	4.001423932	-3.330969
"1118"	6.898083584	6.702959336	7.995757752	9.531490481	4.952798
"1119"	6.542320113	5.38635043	6.313022807	5.517727154	3.270629
"1120"	2.737805268	3.078423956	1.01999187	2.392197658	-0.567053
"1121"	1.508304679	8.97137251	9.824692484	9.896336953	4.086459
"1122"	0.841561153	0.957506048	5.451027486	3.441696566	-0.033533
"1123"	1.421974876	6.364671501	0.345481111	0.922863827	0.302811
"1124"	2.899773746	6.442408702	3.473271107	0.171664617	-1.487623
"1125"	2.232079429	4.990047145	3.467118452	2.981190677	-1.000849
"1126"	5.533715996	4.833850676	4.441268304	5.869450379	1.158285
"1127"	4.141048018	3.625675333	3.588117615	3.664561288	0.992852
"1128"	7.866049889	8.176830383	8.141377614	3.156795037	1.7131
"1129"	7.95341844	0.86596413	0.901189977	7.389020137	2.194341
"1130"	3.767140021	6.532120886	6.530842641	3.94001253	3.316198
"1131"	0.993319977	6.035936339	0.640962857	2.680334583	-1.339717
"1132"	2.983053786	2.647145151	1.883910455	2.791239857	-0.873822
"1133"	2.083974557	2.635068214	3.941336531	2.72037262	-2.281868
"1134"	6.18107437	7.050430326	3.101996693	5.969212752	-1.416857
"1135"	5.872681295	3.860744051	7.102243507	4.467287409	1.974686
"1136"	3.466056529	3.184346848	1.81946403	0.257101707	2.658328
"1137"	6.25760451	6.235181675	6.717643463	5.119032642	-1.902929
"1138"	5.886744301	4.620681991	2.998963882	1.851421456	2.22842
"1139"	4.722034813	4.63828203	4.671342721	2.060674621	2.674654
"1140"	5.445673352	7.254705486	2.923038377	7.621231373	4.139818
"1141"	6.178720617	0.93217339	2.644349485	2.586855243	1.043885
"1142"	6.817027041	7.30223615	5.86992015	4.574142433	-1.584971
"1143"	4.317571044	6.463887476	1.750273058	5.450207779	-2.203176
"1144"	0.284305599	0.057386008	0.2864574	7.351565681	-3.906502
"1145"	6.527776303	3.895818726	5.789724483	8.303895545	4.621733
"1146"	10.81045878	2.862239262	7.831699257	10.7344155	3.837526
"1147"	3.5479222	0.939076034	3.587578163	3.823691361	0.868222
"1148"	7.656331296	7.309289059	5.203038126	5.528857064	4.813348
"1149"	3.713645968	4.171926163	4.097510509	4.31646184	-2.162237
"1150"	2.324922182	1.8133712	1.976647128	3.930080431	1.168711
"1151"	3.312826795	2.476936531	3.074111363	3.294968999	-2.018845
"1152"	0.612662134	6.19508263	0.541903164	7.001070119	-1.623133
"1153"	1.110132826	2.033928232	1.354919739	2.819573737	1.667558
"1154"	3.623656605	1.37803209	1.328334992	0.011670871	-0.766376
"1155"	0.357726061	8.412599056	7.531855043	8.399821246	-3.997099
"1156"	8.288722799	8.599882962	9.371545249	9.007868174	3.938009
"1157"	3.888841026	1.319430712	1.209184344	3.478577185	-0.7209
"1158"	1.933492403	2.097322573	3.570580703	0.443434984	1.787075
"1159"	1.637496762	1.64020049	1.701713241	1.606288384	0.958104
"1160"	0.517396342	7.686142982	7.6930976	7.29973103	3.98563
"1161"	3.722837547	3.737280181	3.490975531	3.508708558	-1.823852
"1162"	2.937041925	1.700123537	1.344755844	0.308949231	-2.690483
"1163"	2.928806055	8.42850792	0.930529199	9.499111583	0.611004
"1164"	2.367221486	2.517811973	1.960281826	2.384049076	-1.207694
"1165"	2.957656639	0.044964163	1.596512449	1.991509135	-1.027528
"1166"	3.482445689	2.595376486	4.690853765	6.16394377	-4.351821
"1167"	9.197459567	9.295501124	8.782603259	8.282897486	-2.00898
"1168"	2.485185302	0.146766286	3.357006863	2.790753488	1.40008
"1169"	4.43965924	5.707180456	5.286685822	0.04923654	-2.307105
"1170"	0.076784408	3.855509793	0.059928067	5.417670875	-0.714558
"1171"	8.061313069	1.728104666	3.051709002	2.306763811	-4.014963
"1172"	8.869221885	7.749760424	8.031516812	9.311246137	4.95028
"1173"	3.185293716	0.971429643	1.593244441	1.098143506	2.828776
"1174"	6.629048679	5.07177281	5.811283916	4.156782097	2.063267
"1175"	0.458378386	0.668503112	0.745007659	0.254084065	1.517965
"1176"	0.884831447	3.04650309	7.372748158	7.517226301	2.37866
"1177"	0.107582743	2.665605681	0.088583395	0.176903693	-0.675635
"1178"	9.858951321	8.152166004	1.488590054	9.804096388	-4.967325
"1179"	1.530554511	1.217746124	4.186616619	2.785988169	-1.656462
"1180"	4.087762098	11.11952167	6.327808331	9.163886281	-4.808374
"1181"	0.240215173	0.525977598	3.396916073	0.272846314	-1.932848
"1182"	2.638572332	0.010824765	3.597061053	4.3299423	1.372726
"1183"	6.733557021	2.958709283	1.222116778	5.536850774	3.117101
"1184"	7.289522803	0.987525133	3.655672467	6.620703144	-2.19607
"1185"	9.680316075	1.381995101	4.658335269	10.346046	2.755371
"1186"	3.174612042	1.230853316	3.134719066	6.813910114	-1.826649
"1187"	0.382168824	5.947329098	2.506863469	5.374005157	-3.982224
"1188"	4.944751132	1.196397472	4.927822849	3.950595879	-0.867975
"1189"	2.255797066	4.670288546	9.034642964	5.804684368	3.583395
"1190"	6.448430887	1.82874898	2.823122785	4.525553054	3.055654
"1191"	6.417586917	6.609958009	6.522396374	6.514159954	3.336339
"1192"	0.094042251	5.330521403	4.895976311	5.233018274	-0.493005
"1193"	0.049579226	2.129604961	1.770777076	6.785236987	-3.732796
"1194"	0.670012634	3.513856406	0.768574266	2.216867199	-0.348058
"1195"	2.222321585	2.286810673	2.148621501	0.783362	-0.449508
"1196"	0.432408128	0.361437509	0.843673197	2.243850647	0.602926
"1197"	2.421693147	3.011736636	4.482545913	2.829412367	-3.239716
"1198"	2.263282838	2.559641997	2.538791218	4.286230845	2.292201
"1199"	0.994532288	3.952957813	4.466792967	0.331974452	-2.407571
"1200"	3.634488819	0.276337004	4.060616	5.698384222	3.282961
"1201"	1.78794552	0.10886561	6.387931194	4.340968354	-3.33499
"1202"	5.515956928	5.624342634	4.64607248	4.27763599	-2.947787
"1203"	6.787686174	5.560233362	0.416582775	4.841795264	-3.938178
"1204"	5.559975972	3.343289752	4.14801775	3.291675849	3.812283
"1205"	1.888976379	2.350348862	0.530169672	1.308716266	1.27235
"1206"	10.01507796	9.557980195	1.80672446	0.620772249	4.367939
"1207"	10.08816592	6.567694212	9.115416635	7.421148943	4.57543
"1208"	3.428540102	8.530592405	8.342820017	7.679893512	4.423316
"1209"	0.347138754	0.647560235	0.91564703	0.356773643	0.144755
"1210"	2.613728236	7.920265025	8.138636433	8.306304385	-4.174057
"1211"	0.654093509	0.021852643	0.430504517	0.715715194	-0.302402
"1212"	2.573139133	1.767394018	1.825784131	2.945360548	-0.643723
"1213"	1.305513651	2.739248225	0.89391141	2.510299591	-1.16753
"1214"	4.782377697	3.239276741	2.221686315	1.433123022	-3.374802
"1215"	1.215836358	1.027606459	1.214827606	1.114768573	-0.098841
"1216"	1.648989964	2.434244419	2.771021371	1.376900385	1.38859
"1217"	1.165834515	2.134395078	1.966550654	9.02041222	1.812376
"1218"	0.42730549	0.405075223	1.561379937	0.410788314	-0.847194
"1219"	0.062094166	1.328511121	1.466065143	2.079319718	0.82326
"1220"	3.892438186	3.166754363	5.448199277	5.061411146	-3.30284
"1221"	7.089853542	2.1044602	0.838077856	6.28876032	-1.077664
"1222"	1.667530631	2.885573768	2.314481154	0.531733376	-3.192075
"1223"	7.376359601	4.359591255	8.94279389	3.987794464	-4.877681
"1224"	5.669796506	0.159098377	0.757922369	0.423637999	3.106417
"1225"	4.521604638	5.389771767	0.243567109	3.6005981	-1.995158
"1226"	5.467011848	1.494977502	2.455390137	2.240977488	-3.226093
"1227"	1.107154227	6.121177318	0.797908214	1.181426976	2.209918
"1228"	7.647617978	8.505136875	3.966366691	0.583654087	-4.01586
"1229"	7.555635125	5.392716713	3.845542888	5.558101366	2.841598
"1230"	0.634949456	1.697773185	3.939837141	2.867519005	-1.141312
"1231"	1.842383311	0.480372447	6.680065275	2.054426364	4.70087
"1232"	1.861367407	4.912682483	0.682345724	0.793530493	2.352111
"1233"	1.124398615	0.570544027	9.304665224	7.499533023	3.838198
"1234"	7.07872577	1.746572435	7.348640171	7.375076868	3.738352
"1235"	2.711360628	6.52978473	5.35851975	5.493710342	-4.704193
"1236"	2.65444604	4.756469458	5.869870057	0.81387127	-3.346659
"1237"	3.183699519	3.151832597	0.0135329	4.714956311	1.874981
"1238"	1.453123763	2.189071285	1.648468457	2.615569213	-3.538954
"1239"	5.71283875	1.305849679	5.875269701	0.761926151	-1.473988
"1240"	7.530887882	0.597147584	8.787643989	7.376961131	4.367592
"1241"	3.593504672	3.209901273	4.849140474	4.807721028	2.643219
"1242"	4.00347712	1.053478716	4.53046941	4.979380924	3.884358
"1243"	0.859759076	3.466903484	3.199329769	1.07352274	-0.419847
"1244"	3.924620463	0.944937292	2.114674358	5.666127567	-0.086783
"1245"	1.928661125	0.48356256	8.790798298	8.445022675	-4.399622
"1246"	6.547221447	8.502690826	10.82249329	10.86342124	3.64845
"1247"	1.225422799	2.510015369	2.355196067	1.21177229	-4.585989
"1248"	9.178833357	9.371917123	1.788285674	9.673924198	-4.89546
"1249"	2.619478083	4.448807654	1.814717606	3.098198163	-2.727974
"1250"	2.899366659	3.078038452	1.360788858	2.148487755	2.120317
"1251"	2.061756149	2.073179982	0.1904975	1.87363798	0.077513
"1252"	1.480852806	3.047834261	0.419086374	6.607409991	-4.237402
"1253"	10.25603883	7.880522524	0.147001076	7.537921215	4.864303
"1254"	7.212696201	2.879758914	6.54189379	7.245954386	1.125511
"1255"	7.830378832	4.757439654	8.611722615	1.005793962	4.614144
"1256"	2.224984631	0.916192404	0.469783809	0.911194815	-1.666852
"1257"	0.330251379	0.535623646	0.508556553	3.995090553	2.303279
"1258"	0.085616364	6.092228563	1.626581798	5.455014634	-0.418156
"1259"	3.482180208	4.560499769	2.300293805	2.827649469	3.486562
"1260"	6.90626698	1.670733861	7.903165291	8.438206578	4.47057
"1261"	4.440277913	4.560786069	0.124357116	0.061764207	2.260249
"1262"	0.325105076	3.030470803	5.521196948	6.42233179	1.481989
"1263"	6.192407578	8.943754861	5.912829181	6.98199919	-3.821662
"1264"	7.823606312	1.432490067	1.681485233	7.56036177	-3.952282
"1265"	5.969653897	0.765232308	1.204253532	4.117077185	-3.564044
"1266"	0.894687791	0.03561349	0.123310875	0.51017883	-0.367639
"1267"	1.599716959	0.627882502	4.378199992	6.564149404	-3.892634
"1268"	0.73691285	7.65884091	9.641987787	9.574965029	3.102076
"1269"	5.173666789	1.141910647	5.189664127	5.176416878	0.449194
"1270"	4.322598871	4.045259073	0.108348727	1.119924705	2.208594
"1271"	6.429654053	1.163468163	1.334843371	5.581139844	-3.467237
"1272"	4.890128277	0.232822038	0.112268702	0.215157128	-0.107847
"1273"	1.205268324	1.212632482	0.60973942	1.163308023	1.118624
"1274"	6.080506065	6.699324324	5.445441681	3.567538309	-4.673019
"1275"	1.232933755	2.053715325	3.00177265	1.894029861	3.579786
"1276"	4.173443816	7.233602601	1.239169781	0.213748419	1.96623
"1277"	1.692230349	5.131742189	1.37206083	5.177160837	0.500529
"1278"	4.110349174	4.295146406	0.479698159	2.893043732	-1.556664
"1279"	8.612500759	0.125475626	7.807548794	7.919854623	-4.331506
"1280"	7.934217748	5.747672804	4.017473938	3.63671049	0.158666
"1281"	2.605912224	1.127635203	1.396249146	1.760137642	-1.310059
"1282"	4.603023464	2.160298162	1.841996051	5.155877143	1.118999
"1283"	4.355949034	5.103734889	4.479548436	5.4392816	2.700432
"1284"	7.990311962	8.919415056	0.300303736	7.255206909	2.386912
"1285"	6.659995345	1.869916172	7.095040553	3.930371274	-3.029989
"1286"	4.326729009	1.04701447	1.181945341	1.689898978	0.44017
"1287"	6.627857529	6.431143862	0.585779648	6.726298791	3.544337
"1288"	9.666023054	0.107589232	1.653759624	7.826497275	4.732411
"1289"	1.969436729	3.131074783	1.947728715	1.965445145	0.207009
"1290"	3.073970558	6.775238005	7.075213775	7.295279618	-1.835115
"1291"	7.167296581	5.598284226	7.450556254	7.48056114	3.447724
"1292"	0.218055697	9.684067445	8.23294592	1.795351648	-4.462582
"1293"	7.733760378	8.245707977	8.284002565	7.948269899	3.633801
"1294"	0.490531666	1.889807717	2.312638361	0.420658125	-0.592986
"1295"	7.182469581	3.91493443	6.136592716	6.063724255	-3.090169
"1296"	5.155165378	7.771469546	0.007382268	2.616241488	4.537484
"1297"	0.449219021	0.038829915	5.956026634	6.667837165	0.303589
"1298"	0.242735823	2.653701286	2.835574804	2.331312402	-1.370783
"1299"	5.618388165	9.149530202	10.10221532	0.099715457	-4.947241
"1300"	2.040486692	2.378491701	2.805261849	2.564589486	1.41101
"1301"	8.092065137	6.059601363	8.688097638	2.891349349	2.587312
"1302"	1.640021097	3.69667545	4.075786933	1.904063717	-4.217882
"1303"	3.33718394	0.971154713	0.905260335	0.440770021	0.164472
"1304"	0.173559521	8.657864732	0.51157566	8.425386734	4.771552
"1305"	1.795889362	1.541742732	2.235112591	0.904598033	1.118328
"1306"	1.577993899	4.961574492	0.625453589	3.287811688	-4.232924
"1307"	0.70959077	6.358249422	8.630360245	7.852379004	4.478902
"1308"	2.624144551	3.89512771	4.31106463	3.273330958	-4.156439
"1309"	7.278434282	6.844138347	0.061369338	10.66553477	4.076022
"1310"	0.738368259	4.26083271	0.042875436	0.773959141	0.422269
"1311"	4.495929329	7.505252031	7.602282834	3.583345363	-2.258679
"1312"	2.179092066	3.565204845	0.599442418	5.038183493	2.719154
"1313"	4.539091312	0.14628034	4.531122486	4.478763764	-4.040668
"1314"	3.956619066	2.948977568	0.225510735	0.56917315	2.082534
"1315"	0.871943794	7.888746201	9.462063836	7.857426311	3.39832
"1316"	0.292812941	3.256756981	0.095443627	7.385829634	-0.274689
"1317"	6.351580623	3.521817005	1.797850217	7.122192234	-4.509847
"1318"	0.02985997	0.791539951	0.830285009	0.384158265	-0.396582
"1319"	8.957004778	7.243481105	9.045779856	0.227397794	-4.938215
"1320"	4.723043915	4.012579871	5.204674362	3.697637974	-3.363601
"1321"	0.651339601	0.501882354	0.183742114	0.766388388	-0.291226
"1322"	2.970041634	2.532821925	6.112009642	6.332498002	-4.212715
"1323"	0.342115193	2.761432041	0.254236406	2.024441885	-1.209788
"1324"	0.182930239	6.65516897	6.767137709	6.838435261	0.237246
"1325"	0.615151289	1.389989331	1.752238429	1.624504733	-0.762908
"1326"	4.647769377	2.620088233	1.644103263	7.097158011	3.787687
"1327"	4.847184291	7.159119894	0.571093385	5.699196999	-3.875389
"1328"	0.126411321	5.260318902	5.21604938	5.757750197	1.274455
"1329"	0.025095478	0.460094864	1.216088446	1.369924344	-0.760855
"1330"	0.389453137	5.980330173	5.781004135	0.283685283	-3.685342
"1331"	7.187819574	3.427930487	3.579349013	1.525415936	-4.040556
"1332"	1.133405151	6.674732895	1.729409634	3.114577575	1.754379
"1333"	1.695338604	0.69418433	1.806454087	0.019623588	0.427427
"1334"	4.049072168	6.573491945	1.502458054	3.05265024	-3.751957
"1335"	0.127836829	5.963997016	6.427709591	6.215658834	-4.829101
"1336"	0.000389063	1.544260812	2.346654113	2.349342149	0.954558
"1337"	5.970748091	6.621895339	7.241672927	5.059169609	3.797639
"1338"	0.069558077	2.236468706	3.547552393	2.607064333	0.078456
"1339"	1.334493042	0.127575537	6.656563829	0.287198957	0.144556
"1340"	2.574096896	0.583628239	0.436279769	3.342795322	1.575642
"1341"	4.264783575	3.313158318	4.300150218	3.148138447	3.026231
"1342"	6.490512917	2.867982471	6.918376499	4.68940017	-3.063269
"1343"	6.606778275	0.03721099	6.556335681	5.45855356	-3.363494
"1344"	4.235531843	4.306103947	4.231661857	1.616236817	1.132401
"1345"	4.152541268	3.268288464	3.961587132	0.486656868	2.168639
"1346"	3.058843666	0.134371475	0.121648887	0.441338462	-0.499782
"1347"	8.6376549	3.439763207	3.836708491	7.203795919	2.870611
"1348"	0.068310021	0.208720776	1.322562784	0.281597623	-0.815747
"1349"	2.261499231	6.31865825	0.252532986	5.023018776	3.37883
"1350"	0.540748794	0.658496854	0.706483722	1.042352567	1.217748
"1351"	2.59828773	5.609421397	3.99930495	0.965574192	-2.353078
"1352"	8.808679676	5.963231598	7.962606423	8.896776804	3.848151
"1353"	0.169323929	6.977167676	0.24071789	7.196111801	-3.733271
"1354"	8.724329847	8.388434511	7.270906364	8.333230816	2.011816
"1355"	8.74418264	6.56616598	5.645178737	6.545675846	3.488838
"1356"	0.722017203	3.952232575	3.638384774	3.099390757	-2.057712
"1357"	2.468740274	2.045251551	0.426983662	0.048429631	1.284144
"1358"	0.050765	1.922012011	2.470887507	2.48058726	-2.006994
"1359"	0.545215683	1.834089178	7.933695049	0.712455109	4.736752
"1360"	7.408498306	9.55345628	6.811688308	0.351829316	3.347464
"1361"	2.641850656	2.723452028	3.550669035	2.546640653	3.30152
"1362"	3.092673352	2.792209355	4.23356273	2.611171534	1.445685
"1363"	1.481181127	3.336183412	4.620483391	0.547942824	-4.059716
"1364"	0.211065205	0.044345243	0.210513027	0.201717603	0.244015
"1365"	0.291633741	2.933494747	3.206779792	0.072941669	0.384263
"1366"	3.806981955	5.931952811	5.513902378	5.773906772	2.77155
"1367"	0.421504044	7.213067283	2.994099797	7.165388804	-1.73191
"1368"	0.47726322	7.434248313	7.787652662	7.223097529	3.966309
"1369"	2.864208056	2.342720832	0.654055023	2.11890307	1.059131
"1370"	2.217606815	5.304363237	3.867722344	2.512192477	1.344049
"1371"	4.915794032	0.13258817	2.445135517	4.360185632	2.482005
"1372"	6.292133651	4.748153657	0.108962212	0.178538018	-3.379192
"1373"	0.172275122	1.347475316	0.932534092	0.702699593	-0.530362
"1374"	1.411232012	6.998712227	9.817851414	0.002894526	4.050817
"1375"	0.589301543	1.37190276	0.5013465	4.408365042	-2.685668
"1376"	0.410081467	0.521128987	5.091169083	1.603444474	-0.840629
"1377"	9.528252657	7.768934202	9.54935938	8.849383683	4.987861
"1378"	4.636200499	0.061859573	7.146761878	0.105100545	3.635684
"1379"	2.168929052	4.41505104	2.774745014	2.119409596	1.395713
"1380"	2.027207531	2.092682288	1.304205336	1.617461486	-1.051352
"1381"	0.564704804	6.992351169	7.913408294	6.999449068	-3.775479
"1382"	3.173152881	9.675456959	6.519723746	2.917505061	1.702814
"1383"	4.370467171	2.924324425	0.435964901	6.197922311	1.57305
"1384"	3.150914091	0.113100234	0.067861641	2.639141455	-1.774125
"1385"	0.889103186	0.735133146	1.478532708	0.208630984	-4.21754
"1386"	1.820387553	2.013490569	2.118960916	1.325976616	-3.46255
"1387"	5.308488961	4.03297577	2.896622698	8.741362621	4.596834
"1388"	3.963719989	4.03122339	4.341740415	3.799144894	2.09458
"1389"	4.799897303	3.591893647	0.722453272	3.952750524	-2.029079
"1390"	0.054923206	8.662642187	0.64725753	8.527916316	0.034344
"1391"	6.353351815	0.111577071	0.548441618	7.123706386	0.296198
"1392"	4.449698071	4.067349898	3.158935832	0.067806323	-0.064353
"1393"	6.037956841	2.306414449	1.191921936	5.229698843	3.556026
"1394"	5.454817623	7.978168634	5.934474676	7.553109822	-2.925976
"1395"	2.035432657	3.913390053	3.491266264	1.821690426	-3.047818
"1396"	2.864515751	2.83782879	3.260247945	1.86654479	-1.900972
"1397"	3.641911507	9.387689707	8.185169211	9.361903602	-4.302243
"1398"	2.425565718	4.131848729	2.392084201	1.966690998	1.278923
"1399"	6.125525243	8.992612213	1.668476711	7.056064038	-4.534891
"1400"	0.663887951	0.279764136	4.48655014	4.842639833	-1.163688
"1401"	3.74705778	0.826050367	2.637451401	3.277625383	-2.474242
"1402"	5.330330372	5.278535367	5.896688129	5.699720445	2.719548
"1403"	1.011934744	1.59384743	3.913078277	2.990142936	-1.642442
"1404"	7.092528055	4.558039536	8.183079458	6.907556283	2.576659
"1405"	2.622430046	2.082414289	0.295794812	4.139246008	2.191374
"1406"	8.694435925	9.031724736	9.133348321	8.758432341	-3.058485
"1407"	3.571515438	3.596974002	3.879307955	0.080455064	-1.795677
"1408"	1.851368224	3.251490613	1.12329735	2.826227352	-0.785816
"1409"	2.466029783	0.690753186	2.439826765	2.486641144	-0.598142
"1410"	2.196353374	3.695763249	3.769923854	3.413857779	1.741473
"1411"	0.393964579	1.745013592	0.167368432	1.720229777	-0.581528
"1412"	1.955271986	4.827299283	0.178848951	1.051773739	1.121702
"1413"	3.741603884	2.078579258	3.311702859	3.298496043	2.184811
"1414"	5.687377736	3.949952677	1.62337737	5.242932744	2.846261
"1415"	2.415212022	0.708408063	2.980295913	3.861222574	1.462044
"1416"	6.249305175	0.797927286	0.660718713	5.837247023	-3.643759
"1417"	2.026357489	0.246589474	0.764588823	4.983762264	1.544584
"1418"	0.358006606	6.941943173	7.582442582	7.319186224	-0.222652
"1419"	6.671246625	3.951776331	7.7880698	0.539910929	1.620313
"1420"	3.28642916	4.183965512	4.325709561	2.578429273	-1.927028
"1421"	1.120703521	5.02104942	1.2585392	1.163661705	-3.048484
"1422"	7.727288926	7.960595483	7.864679359	4.028098106	2.638481
"1423"	4.529567365	0.119130641	5.017834986	8.760281931	-4.038808
"1424"	5.879877057	1.45391916	2.276062544	7.15628271	-3.911876
"1425"	1.026904048	4.215399982	8.171323414	1.408226995	4.111075
"1426"	6.196342864	9.510763978	9.195281958	2.380036054	4.179955
"1427"	7.391390129	6.749496652	8.576931711	0.982426538	-3.030124
"1428"	2.597967529	2.741134628	2.952529874	2.97893062	-3.243469
"1429"	2.828494891	2.902690499	3.748270346	2.695681082	-1.528117
"1430"	1.069667903	0.456733914	1.529465298	1.526243503	0.849389
"1431"	7.063590965	1.526682907	0.268833228	0.281051836	0.018413
"1432"	8.833588288	7.60017939	0.182613853	10.62878227	-4.530725
"1433"	3.815644054	3.83601923	4.013041528	4.415638055	2.267882
"1434"	9.36466039	12.41820247	12.41334979	8.787999751	-4.690991
"1435"	1.325142214	1.283827071	1.063940355	1.225837814	4.94647
"1436"	0.767404819	8.270118211	8.311845574	0.10110716	4.299792
"1437"	1.065854197	2.587241928	6.259455103	5.987749447	2.091517
"1438"	4.72983388	4.922743493	4.259753513	3.959556843	-2.972126
"1439"	7.589913566	0.43871084	0.527415618	8.125155623	-1.356615
"1440"	7.358384276	6.964825727	7.672228147	1.753228157	-3.966267
"1441"	0.512627757	0.481765809	0.567759678	2.59858516	1.610089
"1442"	2.38558067	2.015683731	5.030676223	6.917783826	1.505373
"1443"	7.611158576	7.251050464	0.810314381	6.322006506	0.502001
"1444"	3.412249999	3.659831601	3.61157502	1.136177577	2.42839
"1445"	6.87808653	6.488297516	7.236548195	8.895272043	3.688224
"1446"	8.186495273	0.090117104	0.562005742	5.095088614	4.841813
"1447"	9.594161923	9.306611267	6.81628949	2.70544999	-3.678838
"1448"	10.21405415	5.311835752	4.620341152	0.204756406	-2.757058
"1449"	5.836362058	2.926748886	3.865759186	3.375581088	-2.350312
"1450"	4.699529535	0.323434546	4.324122357	4.950089713	-2.39824
"1451"	7.709088217	9.794596447	1.184279149	3.164824594	2.319758
"1452"	3.760516653	3.794129056	3.016696415	2.244200871	1.769708
"1453"	4.036347657	9.13473605	8.28841122	0.542203591	4.797643
"1454"	5.755843754	6.381539812	2.848926677	1.168214954	-2.28628
"1455"	1.3286431	0.373194266	0.653528268	3.929599242	-3.441481
"1456"	3.64885804	0.097948215	1.385893621	3.543317667	1.311825
"1457"	9.300790234	7.766333914	8.35057575	8.170426955	-2.54097
"1458"	4.281794525	1.385982758	3.1033875	1.164889789	-0.173688
"1459"	2.645013447	4.957852767	4.791375166	4.551756365	1.382143
"1460"	6.140567953	1.494780451	1.353472956	0.437446679	-4.238908
"1461"	0.517603479	1.671385509	2.625790981	2.536574984	1.51733
"1462"	8.037745049	5.179129879	0.556664055	0.690760611	-4.437466
"1463"	6.700933847	7.044246028	7.046057517	7.182857747	-1.868067
"1464"	1.950937464	3.642895073	3.819918177	2.755892614	-2.953033
"1465"	0.132003446	0.793925375	7.562970845	1.752748804	-2.932619
"1466"	1.316062635	5.140568628	3.576421053	1.872830728	-2.257656
"1467"	10.41800237	1.616629747	7.606655325	1.551090905	4.728669
"1468"	2.143657412	2.274373811	3.24875646	2.282456507	-1.162388
"1469"	9.789341048	8.018600265	7.468437824	4.00153276	-4.918803
"1470"	1.318598679	1.540945164	1.091934892	1.147071924	4.396162
"1471"	2.784732462	2.8866541	1.676107482	1.820856559	1.233153
"1472"	0.215712333	0.653008652	0.798637361	0.749753602	-0.478542
"1473"	2.163975865	1.5758142	7.506141709	0.099360622	1.074324
"1474"	7.42986106	0.399310723	8.937592115	8.717923132	-3.830943
"1475"	0.37438499	2.112514065	0.617780727	0.174247282	-0.084112
"1476"	9.133038032	3.125353262	8.750786281	0.848234816	1.633992
"1477"	3.572646578	2.540547577	3.650744442	5.630825782	2.78439
"1478"	0.95922876	0.700227152	7.58010329	0.028896143	-0.515553
"1479"	2.977041216	2.31699599	9.274834004	2.772252185	-4.833677
"1480"	3.239935904	2.999039323	4.076103769	3.81881671	2.1315
"1481"	2.575609976	0.435613272	3.175022971	1.59626983	2.947985
"1482"	0.621428059	0.210566712	5.780355912	0.1591201	1.31466
"1483"	3.034012992	4.901128549	5.443794361	3.917967366	4.191717
"1484"	1.372802645	0.872629837	1.71271052	0.678937688	3.403591
"1485"	0.495074267	4.583666973	6.234153674	1.486844157	3.434578
"1486"	2.600295095	4.825596956	2.708266097	7.386594656	-3.900264
"1487"	7.546841679	3.501426242	3.510789789	0.108292552	0.794457
"1488"	3.400929655	1.460330587	3.017473257	1.455770849	2.091254
"1489"	5.722436691	9.978380614	6.016001592	9.993074906	3.590668
"1490"	5.388751511	1.554146866	5.383391735	5.188239512	-3.070203
"1491"	3.570667083	3.269436436	0.772760992	2.771227739	2.316455
"1492"	2.595750593	5.556855	8.263045287	0.873368001	4.733993
"1493"	6.703865653	0.516691655	3.609342038	6.746833027	2.916737
"1494"	8.986372196	11.62443373	8.176298758	0.629206969	-4.862117
"1495"	2.853790996	1.825028954	3.384119877	2.85268787	0.676161
"1496"	4.066927122	5.423198974	2.467316339	0.474111036	-1.924607
"1497"	5.25252045	5.00660527	5.122513665	4.788884228	2.600748
"1498"	1.798544658	3.168806756	1.472384021	1.95221799	2.609336
"1499"	6.459846373	3.295406862	5.726204769	6.497536075	-2.514648
"1500"	0.400680381	0.130695451	0.127873064	0.01559878	0.085649
